200 017 048 049 208
201 017 048 049 207
200 012 057 056 214
201 017 049 059 195
201 011 056 061 199
201 022 049 063 204
201 059 060 062 210
201 054 059 060 218
201 047 057 057 226
201 039 052 051 235
201 032 045 046 241
201 022 031 034 241
201 022 028 025 248
202 024 023 020 245
203 028 022 019 240
204 035 023 020 235
204 044 027 026 222
204 052 032 033 210
202 062 038 041 198
201 068 043 048 188
203 071 047 051 184
201 071 050 054 181
201 071 053 055 180
200 063 056 056 179
198 071 057 057 178
196 072 059 058 177
195 074 061 059 177
195 074 063 061 177
199 073 064 062 177
200 072 065 063 179
199 072 066 063 178
199 070 065 064 179
198 070 065 064 178
198 070 065 064 179
198 073 065 064 179
198 072 064 064 180
200 073 064 063 180
199 073 064 062 180
199 072 063 062 180
199 073 062 061 180
199 072 061 061 180
199 071 061 060 180
199 072 060 059 180
199 073 059 057 179
199 073 057 056 178
199 066 054 055 178
199 075 055 053 179
199 073 053 051 179
197 072 051 050 178
198 074 050 049 179
198 071 049 049 179
198 072 049 049 179
199 072 049 049 179
199 070 049 050 178
199 078 050 050 179
199 069 051 050 179
199 072 050 050 179
199 071 051 050 179
199 070 052 050 178
199 070 052 050 178
198 070 052 049 178
198 071 052 049 179
198 071 052 049 179
198 072 051 049 179
198 070 051 049 180
199 070 051 048 179
200 073 052 048 179
200 071 051 049 179
200 071 052 048 180
200 070 051 048 180
200 071 051 048 179
200 072 052 048 179
200 071 051 048 180
200 065 053 048 179
199 070 052 048 179
199 070 052 048 179
199 072 052 048 179
200 071 052 048 180
200 072 052 048 178
200 072 052 048 179
201 072 052 048 179
201 072 053 048 178
201 072 052 048 179
201 073 052 048 179
201 074 052 051 185
199 073 052 048 179
200 073 051 048 179
200 073 051 048 179
200 072 051 048 179
199 072 051 048 179
199 072 051 048 179
198 074 052 048 179
199 075 052 048 179
199 074 052 048 179
199 075 052 048 178
199 075 052 048 179
199 075 052 048 178
199 075 052 049 179
199 076 053 049 178
199 074 052 049 178
199 074 053 048 179
199 075 053 048 178
199 074 053 048 179
199 074 054 048 178
200 073 053 048 179
200 074 054 048 178
199 073 054 048 180
199 072 054 047 178
199 072 054 047 178
198 072 053 047 178
199 070 054 047 178
199 070 053 047 178
199 069 053 046 178
199 068 053 046 178
198 067 053 046 179
198 065 052 046 179
198 063 053 046 178
198 062 053 046 179
198 061 053 047 181
196 059 053 046 179
196 058 052 046 179
197 056 052 047 179
197 055 052 046 180
197 054 052 046 180
199 053 052 046 179
198 051 052 046 181
197 050 052 045 179
197 049 052 045 179
197 047 052 045 179
197 046 052 045 179
197 045 052 045 179
197 044 052 045 179
197 043 052 045 180
197 042 051 045 179
197 040 051 045 179
197 039 051 045 179
197 037 050 045 179
196 036 050 045 179
196 035 050 045 179
196 034 050 045 179
196 032 049 045 179
196 030 048 045 179
197 029 048 045 179
197 028 048 045 179
196 027 049 045 179
196 026 049 045 179
197 024 049 045 180
197 024 049 045 179
197 020 049 045 179
197 021 049 046 180
197 023 048 045 179
197 020 049 045 178
197 025 049 045 178
197 016 049 045 179
197 013 048 046 179
197 050 044 179
198 009 050 044 179
198 007 050 043 178
195 048 043 178
196 004 050 043 178
197 002 049 044 179
200 002 049 044 178
201 002 048 046 179
199 002 048 045 179
197 003 049 045 179
198 004 049 046 179
197 003 049 045 179
196 003 049 046 179
197 003 050 046 179
197 003 050 046 181
197 003 050 045 179
197 004 050 046 180
197 003 050 045 179
197 004 051 045 179
196 006 052 045 180
196 008 052 044 179
196 053 045 179
196 013 053 044 179
196 016 053 044 179
197 020 053 044 179
197 023 052 045 179
197 027 052 045 178
196 032 052 045 179
196 036 052 046 180
196 041 051 045 179
197 045 052 045 178
197 049 051 045 178
197 051 051 045 177
197 052 053 045 178
196 055 051 044 178
196 058 051 045 178
196 059 052 045 178
196 060 052 045 178
196 063 052 045 178
197 066 052 045 178
197 068 052 045 178
197 071 053 045 178
197 072 054 045 178
197 073 055 045 179
197 074 056 045 178
197 075 056 045 178
196 074 056 046 178
197 074 056 046 178
197 075 056 046 178
197 075 056 046 179
197 075 056 046 178
197 075 056 046 178
196 075 056 046 178
196 075 056 046 178
196 074 055 046 178
200 074 055 046 179
199 074 055 046 178
198 074 055 046 179
198 074 055 046 180
198 074 055 046 181
198 075 055 047 182
196 074 055 047 184
197 074 055 048 185
197 075 055 048 187
197 074 055 048 188
197 075 054 049 190
197 075 054 049 193
197 074 054 050 195
197 074 054 050 198
197 073 054 051 199
200 074 054 051 202
201 074 054 051 204
199 074 054 051 205
199 075 054 051 206
198 074 054 051 208
198 074 054 051 210
197 070 053 052 212
198 074 054 051 214
197 074 054 051 216
197 074 054 051 218
197 074 054 050 217
197 074 053 050 217
197 075 053 050 219
198 073 053 050 219
198 073 053 051 222
