197 072 058 053 182
197 072 058 055 182
197 072 058 059 182
197 072 058 063 184
197 072 058 067 185
196 072 058 071 189
196 072 058 073 193
198 072 059 075 197
199 071 060 076 200
198 071 060 076 203
198 072 060 076 206
199 072 060 077 208
199 073 060 076 209
199 072 060 076 210
199 072 060 076 212
199 073 059 076 212
197 072 059 075 212
196 073 059 076 213
199 075 058 071 203
198 076 057 060 200
198 077 056 049 199
198 077 056 040 200
197 077 055 033 202
197 078 055 026 205
197 078 055 021 207
197 078 055 016 209
197 078 055 012 211
197 078 055 009 213
197 078 055 007 216
197 078 055 004 217
197 078 055 003 219
197 078 055 001 221
197 078 055 000 222
197 078 055 000 224
197 078 055 225
197 078 055 226
198 078 055 227
198 078 055 228
198 078 055 229
198 078 055 230
197 078 055 230
197 078 055 231
197 078 055 231
197 078 055 231
197 078 055 231
197 078 055 232
197 078 055 232
197 078 055 232
197 078 055 232
197 078 054 233
197 077 054 012 214
197 078 054 023 207
197 077 053 030 204
197 077 053 035 203
197 077 052 037 201
197 077 052 039 198
197 077 052 047 190
197 077 053 049 187
197 077 053 052 184
197 077 053 053 182
197 078 053 054 181
197 078 052 054 180
197 078 051 053 180
197 078 049 051 180
197 078 047 048 180
198 078 045 045 180
198 077 045 043 181
198 078 045 043 181
198 078 045 044 180
198 078 046 046 179
198 078 048 049 179
198 078 050 052 178
198 079 051 055 178
198 079 052 057 177
198 079 053 058 177
198 079 053 058 177
198 079 054 058 177
198 079 054 059 177
198 079 053 059 177
197 079 053 059 177
197 079 053 060 177
197 079 053 061 178
197 079 053 063 179
197 079 053 065 181
197 079 054 068 182
197 079 054 070 184
197 079 054 072 186
197 079 054 075 187
197 080 054 076 189
197 079 055 078 190
197 079 055 079 192
197 079 055 081 193
197 079 056 083 195
197 079 056 084 196
198 079 056 085 199
198 079 056 086 201
198 079 055 087 204
198 079 056 086 207
198 079 056 086 210
198 079 055 085 212
198 079 055 084 214
198 079 055 083 216
198 079 055 083 217
198 079 055 082 219
198 079 056 082 220
198 079 055 083 221
198 079 055 083 221
198 079 055 083 222
197 079 055 082 223
198 079 055 082 223
197 079 055 082 223
197 079 055 082 223
197 080 055 082 222
197 080 055 082 222
197 080 054 082 221
197 080 054 081 220
197 080 054 081 219
197 080 054 081 217
197 080 054 081 215
197 080 054 081 214
197 080 054 081 212
197 080 054 082 209
197 080 054 082 207
197 079 055 082 205
197 079 055 082 203
197 079 055 081 201
197 079 055 080 199
197 079 055 079 197
198 079 056 078 196
198 079 055 076 195
198 079 055 075 194
198 079 055 074 193
198 079 055 072 192
198 079 055 071 191
198 079 055 070 191
199 078 055 069 190
199 079 055 068 189
199 079 055 067 188
199 079 055 067 187
199 079 055 066 186
199 079 056 065 185
199 079 055 065 185
199 079 055 064 184
199 079 055 064 184
199 079 055 063 183
199 079 055 062 182
199 079 055 061 182
199 079 055 060 181
199 079 055 059 181
200 079 055 058 181
200 079 055 057 181
200 079 055 055 182
200 079 055 054 182
200 079 055 053 182
200 079 055 052 183
200 079 055 051 183
200 079 055 050 183
200 079 055 049 184
200 079 055 048 184
200 079 055 047 184
201 079 055 046 184
201 079 055 045 185
201 079 054 044 185
201 078 054 043 186
201 078 054 043 186
201 078 054 042 187
201 078 054 041 188
201 078 054 041 189
201 078 054 041 190
202 078 054 040 191
202 078 054 040 193
202 078 054 039 194
202 078 053 039 195
202 078 053 039 196
202 078 053 038 198
202 078 052 037 199
202 078 052 037 201
203 079 052 036 202
203 079 052 036 203
202 079 052 035 204
203 078 052 035 204
203 078 051 034 205
203 077 051 033 206
203 077 051 032 206
203 076 051 032 206
203 076 051 031 206
203 076 051 030 206
203 076 051 029 207
203 076 051 028 207
203 076 051 027 208
204 076 051 026 208
204 077 052 026 207
203 078 052 025 207
203 078 051 024 208
203 078 051 024 207
203 078 051 024 207
203 078 051 023 207
203 078 051 022 207
203 078 051 022 207
203 078 052 022 207
203 078 052 021 208
203 078 052 021 208
203 078 052 021 207
203 078 052 021 207
203 078 052 021 206
203 078 052 020 205
203 078 052 020 204
203 078 052 020 203
204 078 052 020 202
204 078 052 021 200
204 078 052 021 197
203 077 052 022 194
203 077 052 023 192
203 077 052 024 190
203 076 053 026 188
203 076 053 028 186
217 076 053 030 184
218 077 053 032 182
215 077 053 035 180
212 077 053 038 179
211 076 054 041 177
209 076 054 043 177
208 076 054 046 176
206 077 054 049 176
206 076 054 051 177
205 077 054 054 178
204 077 054 057 179
204 077 054 060 181
203 077 054 062 184
203 077 054 064 186
203 077 054 066 188
203 077 054 067 191
202 077 054 068 193
202 077 054 069 196
202 077 054 069 199
202 077 053 069 201
202 077 053 069 204
202 077 053 068 207
202 077 053 067 211
202 077 053 065 213
202 077 053 063 216
202 077 053 061 217
202 077 053 058 218
202 077 053 055 219
202 077 053 053 219
202 077 053 050 218
202 077 053 047 218
202 077 054 045 216
202 077 054 043 215
202 077 054 041 213
202 076 054 039 210
202 076 054 037 208
202 076 054 036 205
202 077 054 035 202
202 076 054 035 199
202 076 054 034 196
202 076 054 034 193
202 076 053 034 190
201 076 053 035 187
201 076 053 036 184
201 077 052 036 182
201 077 052 038 180
201 077 052 039 179
201 077 052 041 178
200 076 052 043 177
200 077 052 044 177
200 077 052 046 177
200 077 052 047 176
200 077 053 049 176
200 077 053 050 176
200 076 053 051 177
200 076 053 052 177
200 076 053 053 178
200 076 053 053 178
200 076 053 054 179
200 075 053 054 180
200 074 053 055 181
200 074 053 055 182
200 073 053 056 183
200 072 053 056 185
200 071 053 056 186
200 070 053 056 188
200 069 053 057 189
200 068 053 057 191
201 067 053 057 193
201 066 053 057 194
201 064 053 057 196
201 063 053 056 198
201 062 053 056 200
201 060 053 056 202
202 058 053 056 204
202 056 053 055 206
202 054 053 055 208
202 052 052 055 209
202 050 053 054 211
202 049 053 054 213
202 047 052 054 215
202 045 052 054 217
202 043 052 054 218
202 041 052 054 220
202 039 052 053 222
202 037 052 053 223
202 036 052 053 225
202 034 052 054 227
202 032 052 054 229
202 031 052 054 230
202 030 052 054 232
202 029 052 054 233
202 027 052 055 234
202 026 052 055 236
202 024 052 055 238
202 022 052 055 240
202 021 052 055 242
201 019 052 056 243
201 018 052 056 244
201 017 052 056 244
201 017 052 056 245
201 016 052 056 245
201 015 052 057 246
201 015 052 057 246
201 014 052 057 246
201 014 052 057 246
201 013 052 057 247
201 013 052 057 247
201 013 052 057 247
201 013 052 057 247
201 013 052 057 247
201 013 052 057 247
201 013 052 057 247
201 013 052 057 247
201 012 052 057 247
201 013 052 057 246
201 014 052 057 246
201 015 052 057 245
201 016 052 057 244
201 018 052 057 243
201 020 053 057 237
202 022 053 058 234
202 025 053 058 231
202 028 053 059 228
202 033 054 059 225
202 037 055 060 222
