177 070 052 039 175
177 071 051 040 177
177 070 050 040 175
178 071 049 041 179
178 071 047 042 179
178 072 045 044 176
177 071 043 046 177
177 072 041 047 176
175 072 038 048 175
175 071 036 049 176
175 070 034 050 177
176 070 032 052 180
176 069 031 053 178
177 067 031 053 179
177 068 029 053 181
177 068 030 053 179
177 069 029 052 179
177 068 031 052 179
178 069 031 051 179
178 069 031 050 179
177 071 032 049 179
176 072 032 049 179
174 073 033 047 181
174 073 033 047 180
175 075 033 046 182
175 076 033 045 183
175 077 033 045 183
174 077 034 045 185
175 078 035 043 186
174 080 035 043 187
174 080 035 043 188
173 081 035 043 189
173 081 036 041 188
173 081 037 040 189
173 081 038 039 190
173 081 039 040 191
173 081 039 039 191
174 081 039 039 191
173 081 039 040 191
174 081 039 040 191
174 081 038 041 190
174 081 038 042 190
174 081 037 042 188
173 080 037 042 187
171 079 037 043 187
172 079 037 043 186
171 079 037 044 185
171 078 036 045 185
171 077 036 045 184
172 077 036 045 183
173 076 036 046 182
173 075 036 046 182
174 073 036 046 181
174 072 036 045 182
174 071 036 045 179
174 070 036 045 178
173 069 036 044 176
172 069 037 043 176
171 068 037 043 175
170 068 038 043 177
171 068 039 042 175
172 068 039 042 176
176 068 039 041 175
176 068 040 040 175
175 068 040 040 176
175 068 041 039 177
174 069 041 040 177
175 069 041 039 177
175 069 041 040 179
174 069 041 039 177
174 069 041 040 177
175 070 042 039 177
175 070 042 039 177
173 070 042 040 178
172 070 043 040 178
173 071 043 040 179
174 071 043 039 180
174 071 043 039 181
174 070 043 039 182
174 068 044 039 185
175 067 045 039 187
175 064 045 038 190
174 062 045 038 193
174 059 044 037 198
174 055 042 037 203
174 049 040 035 207
174 045 037 033 213
173 039 034 030 220
173 035 029 026 226
173 029 025 021 233
173 024 019 017 238
173 020 014 014 242
173 018 245
174 015 005 006 246
173 013 000 004 246
173 014 000 245
173 016 242
173 020 239
174 024 235
174 028 230
174 034 224
174 039 000 219
174 045 001 000 213
175 050 005 002 212
173 055 008 007 201
173 061 013 011 196
174 064 019 017 192
173 066 024 023 189
173 067 029 030 188
173 067 034 036 188
173 066 039 041 189
173 065 044 046 190
174 062 049 050 193
177 058 052 053 195
175 055 055 055 199
175 051 057 056 204
174 047 057 056 209
174 043 057 055 213
174 039 057 054 217
174 035 056 055 221
174 031 055 054 225
173 028 053 054 229
173 025 052 052 233
173 022 050 050 236
172 020 048 046 238
172 019 045 042 240
172 017 045 034 241
172 016 038 030 242
173 014 033 027 243
173 014 027 023 243
174 014 023 018 243
175 014 018 015 241
174 016 013 012 238
173 018 009 236
173 021 006 007 233
173 024 005 006 229
173 028 004 005 225
174 032 003 005 220
174 037 004 005 216
174 041 005 007 211
174 041 009 008 207
174 048 009 203
174 052 011 012 199
175 055 015 014 196
175 057 018 016 193
174 060 021 020 191
174 061 023 023 189
175 063 025 025 188
174 063 029 028 186
174 065 031 030 184
174 066 035 031 184
174 066 036 033 183
174 066 038 035 182
174 066 039 036 182
174 065 040 038 182
173 065 041 039 181
173 065 042 040 181
175 064 042 041 181
176 064 042 041 181
178 064 043 041 182
181 063 043 042 183
183 063 043 042 184
182 062 043 042 186
185 061 043 042 188
186 060 042 043 191
187 059 042 043 194
188 057 041 044 198
191 055 041 044 203
192 052 041 044 208
192 050 041 043 213
193 046 040 042 219
194 042 038 042 225
194 039 038 041 230
195 035 036 040 235
195 031 034 039 239
195 027 032 036 245
195 024 030 033 248
196 021 027 031 251
195 019 025 027 253
196 002 024 023 252
196 002 021 019 253
196 014 013 015 254
196 015 009 253
197 017 004 006 251
198 019 000 002 248
197 021 000 243
197 025 239
197 028 235
197 031 230
197 035 226
197 039 220
197 043 216
197 046 000 001 215
197 050 001 003 207
196 046 007 008 207
195 056 007 199
194 059 009 014 195
194 062 013 019 193
194 064 018 024 191
196 067 022 028 189
194 068 026 032 188
194 068 030 037 188
194 067 034 041 189
193 067 038 044 191
190 064 041 046 193
190 061 044 048 196
188 058 046 050 198
188 055 048 051 201
184 052 050 052 204
185 049 051 053 207
185 046 052 052 209
185 043 052 053 212
184 040 052 052 215
183 036 052 050 217
184 032 049 049 220
183 029 047 047 223
180 025 044 044 226
180 022 041 042 228
178 019 038 038 230
177 017 035 034 233
176 014 031 029 234
177 011 027 024 236
176 008 024 020 238
176 007 020 015 238
176 006 015 012 239
176 005 008 239
176 005 006 004 238
177 005 003 001 237
176 007 000 235
176 232
175 014 230
175 016 228
177 019 225
178 020 222
178 022 219
178 025 215
178 028 215
178 026 003 211
179 033 000 204
179 036 001 200
179 034 006 000 197
179 035 007 004 194
177 042 005 006 192
177 044 007 009 191
177 045 009 012 190
177 046 012 014 190
177 046 013 016 191
176 045 014 018 192
176 045 015 019 193
176 043 015 020 196
176 042 015 019 198
176 039 014 018 202
176 036 012 015 205
176 032 009 011 210
177 027 007 008 215
176 024 005 005 218
176 021 003 001 221
177 018 001 223
177 017 000 225
177 016 000 225
178 015 000 226
180 015 225
181 015 224
182 016 223
