181 021 042 047 250
181 018 042 049 251
181 017 042 053 250
180 017 042 053 250
178 016 041 053 251
177 016 041 051 250
176 016 041 050 249
175 016 039 048 249
175 016 037 045 249
180 016 036 042 249
179 016 035 042 247
179 016 032 040 248
179 013 034 039 249
180 016 028 036 246
180 016 028 029 248
180 018 025 014 250
179 018 023 022 248
180 018 020 022 247
179 018 018 020 246
180 018 015 017 248
179 019 012 016 248
180 018 012 014 248
180 019 013 249
180 018 009 011 250
180 019 250
180 021 005 009 250
182 023 004 007 250
181 024 003 005 250
182 024 002 004 251
181 025 003 004 251
179 026 003 003 251
179 026 002 002 253
179 027 003 002 253
179 027 002 002 255
180 027 001 001 255
180 027 000 001 254
180 026 000 001 252
179 025 000 000 250
178 025 001 249
178 025 002 247
179 027 003 245
180 030 004 244
183 033 000 005 242
184 037 002 006 239
184 040 004 007 236
185 042 007 009 233
185 045 009 230
184 048 012 011 226
184 050 014 014 222
185 052 016 016 219
185 055 017 018 216
185 058 019 019 212
185 062 018 021 209
184 060 020 022 205
184 064 021 024 204
183 067 021 026 201
183 069 022 027 200
183 070 023 028 199
183 071 024 029 197
182 072 027 029 197
182 072 028 029 196
182 072 029 030 197
181 072 030 029 195
181 076 033 029 195
181 073 034 029 195
181 074 034 029 195
181 074 034 030 195
181 073 035 029 195
178 073 035 029 194
175 073 036 030 194
175 072 036 029 192
173 072 036 030 193
175 072 036 030 192
174 072 037 031 192
173 072 037 030 192
172 072 037 030 192
172 071 038 030 190
171 071 038 030 192
171 070 037 031 191
171 070 037 031 189
170 071 037 032 190
169 070 037 033 190
168 068 036 033 192
168 070 037 033 190
167 071 037 033 190
167 071 037 034 189
166 071 036 036 189
166 071 036 037 189
166 071 037 038 189
166 071 037 038 190
166 071 037 039 191
166 071 037 039 191
164 071 036 039 191
166 071 036 039 191
166 070 036 037 183
165 070 036 038 192
164 070 036 036 185
164 071 037 039 192
164 071 037 040 192
165 070 038 041 193
164 068 036 042 194
164 070 040 042 195
163 069 041 042 196
163 068 042 042 199
163 067 042 043 202
163 064 043 043 202
162 062 043 043 205
162 058 043 043 208
161 056 041 042 212
160 052 040 042 216
160 048 038 040 219
161 044 037 047 215
163 041 034 033 226
163 037 032 034 227
162 032 027 027 227
163 027 024 022 238
163 022 020 019 241
163 018 015 015 244
163 014 013 012 246
164 012 011 247
164 009 247
164 009 009 245
162 012 009 243
163 015 011 239
163 019 011 013 234
163 024 015 015 230
163 030 019 018 226
162 035 023 023 219
162 038 029 029 214
162 043 034 033 209
162 047 039 037 206
162 049 043 041 202
162 050 045 043 200
162 051 047 045 199
162 051 047 047 199
162 050 047 046 199
161 049 046 046 199
161 049 044 044 201
161 047 042 041 203
161 045 040 038 206
160 043 037 035 211
160 039 034 031 217
161 035 029 026 221
162 030 026 019 230
161 023 019 017 235
159 017 014 014 240
159 013 245
158 009 006 008 248
160 005 004 006 249
160 004 002 003 249
161 004 001 003 248
161 007 001 003 244
161 012 001 003 239
161 017 002 004 232
161 023 003 004 227
160 031 006 008 220
