70 026 254
70 026 254
70 026 254
70 026 254
70 026 254
70 026 254
70 026 254
70 026 254
70 026 254
70 026 254
70 026 254
70 026 254
70 026 254
70 026 254
70 026 254
70 026 254
70 026 254
70 026 254
70 026 254
70 026 254
70 026 254
70 026 254
70 026 254
70 026 254
70 026 254
70 026 254
70 026 254
70 026 254
70 026 254
70 026 254
70 026 254
70 026 254
70 026 254
70 026 254
70 026 254
196 089 064 064 210
70 026 254
197 087 063 064 210
70 026 254
198 087 062 063 208
70 026 254
198 086 061 063 207
70 026 254
198 084 059 063 206
70 026 254
198 083 059 063 204
70 026 254
199 082 058 063 202
70 026 254
199 081 058 063 200
70 026 254
200 079 057 062 198
70 026 254
199 077 056 060 196
70 026 254
199 076 055 057 193
70 026 254
198 074 053 051 190
70 026 254
198 072 047 047 188
70 026 254
197 070 039 041 187
70 026 254
194 065 030 033 187
70 026 254
193 060 019 024 190
70 026 254
192 051 009 015 195
70 026 254
190 040 002 005 205
70 026 254
190 028 000 217
70 026 254
189 019 229
70 026 254
189 014 000 235
70 026 254
188 009 003 000 236
70 026 254
188 011 005 002 237
70 026 254
188 015 000 001 232
70 026 254
187 021 000 001 227
70 026 254
187 030 000 002 220
70 026 254
186 039 003 005 212
70 026 254
185 047 005 012 204
70 026 254
184 054 011 019 197
70 026 254
182 059 018 027 193
70 026 254
181 062 025 034 191
70 026 254
181 064 032 040 191
70 026 254
181 064 038 044 192
70 026 254
181 060 035 047 193
70 026 254
181 062 044 048 195
70 026 254
181 062 045 049 196
70 026 254
180 061 045 048 198
70 026 254
180 061 045 048 198
70 026 254
180 060 044 047 199
70 026 254
180 059 044 047 199
70 026 254
180 058 044 047 199
70 026 254
180 058 044 048 199
70 026 254
180 058 045 049 199
70 026 254
180 058 045 049 199
70 026 254
180 057 044 049 199
70 026 254
180 057 044 050 199
70 026 254
180 056 044 050 199
70 026 254
180 056 044 050 199
70 026 254
180 056 043 051 199
70 026 254
179 056 044 050 199
70 026 254
179 056 044 050 199
70 026 254
179 057 044 050 199
70 026 254
179 057 044 050 199
70 026 254
179 057 044 050 199
70 026 254
180 057 044 050 199
70 026 254
180 057 045 050 199
70 026 254
180 057 044 050 199
70 026 254
180 057 044 050 199
70 026 254
180 057 044 051 199
70 026 254
180 057 044 050 199
70 026 254
180 058 044 050 199
70 026 254
180 058 045 050 200
70 026 254
180 058 045 050 200
70 026 254
180 058 045 050 200
70 026 254
180 058 045 049 200
70 026 254
180 058 045 049 200
70 026 254
180 058 045 049 200
70 026 254
180 058 045 049 200
70 026 254
180 058 045 048 200
70 026 254
180 058 045 048 200
70 026 254
180 058 045 048 200
70 026 254
180 058 045 048 201
70 026 254
180 058 045 048 201
70 026 254
180 058 045 048 201
70 026 254
180 058 045 047 201
70 026 254
180 059 046 047 201
70 026 254
180 059 046 047 201
70 026 254
180 058 045 046 201
70 026 254
180 058 045 046 202
70 026 254
180 058 045 046 202
70 026 254
180 058 045 046 202
70 026 254
180 058 045 046 202
70 026 254
180 058 045 046 203
70 026 254
180 058 045 046 203
70 026 254
180 058 046 046 203
70 026 254
180 058 046 047 203
70 026 254
180 058 046 047 203
70 026 254
180 059 047 047 203
70 026 254
180 058 046 047 204
70 026 254
180 058 047 047 204
70 026 254
180 058 047 047 205
70 026 254
180 058 047 048 205
70 026 254
180 058 047 047 206
70 026 254
180 057 047 048 206
70 026 254
180 056 047 048 207
70 026 254
180 056 047 048 208
70 026 254
179 055 047 048 209
70 026 254
179 054 047 049 210
70 026 254
179 053 046 049 211
70 026 254
179 052 047 049 212
70 026 254
179 051 047 049 214
70 026 254
179 050 047 049 215
70 026 254
179 049 047 049 216
70 026 254
179 048 047 049 218
70 026 254
180 047 048 049 220
70 026 254
180 046 048 049 221
70 026 254
180 044 048 049 224
70 026 254
180 043 049 047 231
70 026 254
180 042 048 049 228
70 026 254
180 041 048 049 229
70 026 254
180 040 048 049 231
70 026 254
180 039 048 049 232
70 026 254
180 038 047 048 233
70 026 254
180 038 047 048 234
70 026 254
180 037 046 049 235
70 026 254
180 036 046 049 236
70 026 254
180 035 047 049 237
70 026 254
180 033 047 050 238
70 026 254
180 032 047 050 239
70 026 254
180 031 047 050 239
70 026 254
180 030 047 050 240
70 026 254
180 029 047 050 240
70 026 254
180 029 046 050 241
70 026 254
180 029 046 051 242
70 026 254
180 029 045 050 241
70 026 254
180 029 045 051 242
70 026 254
180 029 045 051 242
70 026 254
180 029 045 051 243
70 026 254
180 029 045 051 243
70 026 254
180 029 045 051 243
70 026 254
180 029 045 051 243
70 026 254
181 029 045 051 243
70 026 254
181 029 044 052 243
70 026 254
181 028 045 052 243
70 026 254
181 029 045 051 243
70 026 254
182 028 045 051 243
70 026 254
182 028 045 051 243
70 026 254
182 028 046 051 244
70 026 254
182 028 046 051 244
70 026 254
182 029 045 051 243
70 026 254
182 029 046 051 243
70 026 254
182 029 046 051 243
70 026 254
182 029 046 051 244
70 026 254
182 029 046 050 243
70 026 254
182 029 046 051 243
70 026 254
182 029 046 051 243
70 026 254
182 029 045 051 243
70 026 254
182 029 045 051 244
70 026 254
182 029 045 051 244
70 026 254
182 029 045 051 244
70 026 254
182 029 045 051 243
70 026 254
182 029 045 052 243
70 026 254
182 029 045 052 243
70 026 254
182 029 045 052 243
70 026 254
182 029 046 051 243
70 026 254
182 029 046 051 243
70 026 254
182 029 045 051 243
70 026 254
182 029 045 051 243
70 026 254
182 029 046 051 243
70 026 254
182 029 045 051 243
70 026 254
182 029 045 051 243
70 026 254
182 028 045 051 243
70 026 254
182 029 045 051 242
70 026 254
182 028 045 051 243
70 026 254
182 028 044 050 241
70 026 254
181 028 044 049 241
70 026 254
181 027 043 048 241
70 026 254
181 027 042 045 241
70 026 254
181 027 041 042 241
70 026 254
180 027 039 039 242
70 026 254
180 026 035 035 242
70 026 254
180 025 033 030 243
70 026 254
180 024 029 026 242
70 026 254
180 023 025 023 244
70 026 254
180 023 022 019 244
70 026 254
182 023 018 015 244
70 026 254
183 025 014 012 244
70 026 254
183 026 011 009 244
70 026 254
184 028 009 007 243
70 026 254
184 031 007 005 242
70 026 254
184 033 005 003 242
70 026 254
186 035 004 002 242
70 026 254
186 037 003 001 242
70 026 254
186 038 003 000 242
70 026 254
186 039 003 000 242
70 026 254
186 039 003 000 244
70 026 254
186 040 003 000 245
70 026 254
187 039 003 000 247
70 026 254
187 039 003 000 248
70 026 254
188 039 003 000 250
70 026 254
188 039 003 000 252
70 026 254
188 039 002 000 253
70 026 254
187 039 002 000 254
70 026 254
187 039 002 000 254
70 026 254
187 039 002 001 254
70 026 254
