110 027 013 005 238
114 026 000 003 239
120 051 001 239
121 049 001 239
120 050 000 239
123 048 001 238
127 046 000 238
129 047 235
132 047 001 233
135 047 001 231
136 048 000 228
138 049 001 224
141 052 002 001 224
143 055 006 003 221
144 058 008 004 212
146 062 013 007 207
148 066 018 013 209
153 068 023 014 199
158 069 028 019 197
160 066 028 024 196
164 067 030 028 196
168 070 036 031 195
170 071 039 032 195
171 072 040 034 195
171 072 041 036 195
173 073 040 038 195
173 074 041 039 195
176 074 041 040 196
175 074 041 041 195
176 075 041 041 196
176 076 042 040 195
177 076 042 040 195
178 076 042 039 195
178 076 043 039 193
179 076 043 039 193
180 076 043 040 192
180 076 043 040 192
180 076 042 041 189
181 077 043 040 188
181 077 043 040 187
181 076 042 042 186
181 076 042 042 184
179 074 042 041 181
179 073 042 043 181
179 072 041 043 179
179 070 041 044 179
179 070 040 044 177
180 068 040 045 177
180 066 041 044 176
180 067 041 043 175
180 066 041 043 177
181 066 041 043 175
181 066 041 042 175
182 067 041 043 177
182 067 041 042 176
182 068 042 042 178
182 068 042 042 176
182 068 042 042 177
182 069 042 043 178
183 070 042 042 178
183 070 042 042 178
183 063 045 043 179
183 071 042 043 180
183 072 041 043 182
183 065 045 042 182
183 073 042 041 182
183 074 041 042 182
183 081 041 042 184
183 074 041 042 184
183 074 042 042 184
183 075 041 042 183
182 075 041 042 183
183 075 041 042 183
183 075 041 042 184
183 074 041 042 183
183 074 041 043 183
183 075 041 042 183
183 075 041 042 183
183 074 041 042 183
184 074 041 042 182
184 074 041 042 182
184 074 041 042 182
184 073 041 042 183
184 072 041 042 183
184 073 041 042 182
184 073 041 042 182
184 073 041 042 182
184 073 041 042 182
184 072 041 041 181
184 071 042 041 181
183 073 041 041 181
184 072 041 041 181
184 073 041 041 181
184 073 041 041 181
184 073 042 041 181
184 072 042 041 181
184 072 042 041 180
184 072 042 041 180
183 072 042 041 180
183 072 042 041 180
183 073 042 042 183
183 072 042 041 180
183 072 042 041 180
183 072 042 041 180
183 072 042 041 180
183 071 043 041 181
184 072 042 041 180
183 072 042 041 180
183 072 043 041 181
183 072 042 041 181
183 072 043 041 180
184 072 042 041 181
184 072 043 041 181
184 072 043 043 180
184 072 043 042 181
183 072 043 043 180
183 072 043 044 179
183 072 044 046 179
183 071 045 048 180
183 069 046 050 179
183 067 048 052 181
183 064 050 055 181
183 061 052 057 182
182 058 053 059 183
182 054 054 061 185
182 051 055 061 188
180 047 055 060 191
180 044 055 058 194
180 039 054 057 198
180 035 052 055 201
180 031 051 061 198
180 027 048 048 207
180 031 053 044 211
180 021 043 040 215
180 017 039 036 218
181 016 035 033 220
180 011 028 028 222
181 009 024 020 219
181 008 019 017 231
181 006 012 014 233
180 006 008 009 235
180 006 004 003 237
180 007 000 000 239
180 240
179 013 240
179 017 240
181 022 239
181 028 238
181 034 237
180 040 235
180 046 233
180 052 231
181 058 229
181 062 226
182 066 224
182 061 000 227
183 071 000 226
183 073 002 223
183 075 004 218
182 075 005 217
182 075 006 217
183 075 006 217
182 074 006 217
182 074 006 217
184 074 006 217
183 073 006 216
185 074 005 215
190 072 003 216
190 071 003 215
188 071 004 215
184 072 004 216
183 072 004 215
182 071 005 215
182 070 005 214
182 070 005 215
182 071 004 216
182 070 004 214
181 070 004 215
182 071 004 215
182 071 004 215
182 071 004 215
183 071 003 216
183 070 005 215
183 070 004 214
183 070 005 215
183 070 004 214
185 070 004 215
184 069 005 214
184 069 006 214
183 068 006 217
184 068 007 217
183 066 008 212
183 066 009 214
183 064 213
185 064 212
184 063 009 000 210
184 062 009 204
184 063 012 207
184 062 014 000 200
184 062 015 002 199
184 062 018 004 195
184 062 021 008 193
184 062 025 011 191
185 062 029 014 189
185 061 032 018 187
185 060 035 022 186
184 058 038 025 185
184 056 040 029 185
184 055 042 032 185
184 054 043 035 185
183 053 044 038 186
184 052 044 039 187
183 051 045 042 188
184 051 043 044 189
184 051 042 045 191
184 052 041 047 192
184 052 039 049 194
184 053 037 052 195
184 054 035 054 197
185 054 032 057 198
185 055 030 059 200
185 055 030 062 201
185 056 029 063 203
186 057 028 064 205
186 059 027 065 207
186 060 025 066 209
186 061 025 067 210
187 062 024 068 211
186 064 023 068 212
186 063 023 068 213
186 063 023 068 214
186 064 023 069 215
186 063 022 069 216
186 063 023 069 217
186 063 024 070 218
186 063 024 070 219
186 063 025 070 221
186 063 025 070 222
186 064 025 068 222
185 064 025 069 223
186 064 025 069 223
186 067 025 069 224
186 066 026 068 224
186 066 026 068 224
186 067 025 068 224
186 066 025 068 225
186 067 026 068 224
186 067 026 068 225
185 067 026 067 224
185 068 026 068 225
186 067 026 068 225
186 065 026 067 225
186 065 026 068 225
186 068 025 068 225
186 064 026 068 225
186 067 026 068 225
186 067 026 068 225
186 067 026 068 224
186 067 026 069 225
186 064 025 068 224
186 064 025 068 223
186 064 025 066 222
186 067 025 064 221
186 067 026 062 220
186 067 026 058 219
186 067 026 063 217
187 067 026 047 216
187 067 025 041 215
187 068 026 035 213
187 067 025 031 212
187 068 025 028 211
188 068 025 026 209
188 068 025 024 207
188 067 026 024 206
188 067 026 023 205
188 069 026 023 204
189 066 026 022 203
189 067 027 022 203
189 070 027 021 203
189 068 028 021 203
189 067 028 020 203
190 068 028 020 202
190 069 027 020 202
190 068 027 018 201
191 067 026 021 201
189 066 026 020 201
189 065 026 019 200
190 065 026 019 199
190 064 026 018 198
189 062 026 018 197
190 062 027 016 196
189 061 027 015 195
189 058 027 015 194
189 058 027 015 193
189 058 026 015 193
189 057 026 016 193
189 057 026 016 192
189 055 027 015 192
189 052 029 015 192
189 055 028 015 191
189 054 028 015 191
189 054 028 015 191
189 054 028 014 191
189 054 029 014 191
189 055 028 014 191
189 055 028 014 191
188 054 029 014 191
188 055 028 014 191
188 055 029 014 191
188 055 028 014 191
188 055 028 013 191
188 055 028 013 192
188 055 028 014 192
188 056 028 014 192
188 053 029 013 192
188 053 029 013 192
188 054 028 013 192
188 054 029 012 192
188 055 028 012 192
188 056 027 011 192
188 056 026 011 192
188 054 026 011 192
188 056 024 011 192
188 053 023 012 192
187 054 022 012 192
187 053 020 014 191
187 049 019 018 192
187 049 018 018 190
188 045 018 020 190
188 046 016 024 191
188 042 016 026 189
188 039 020 028 189
188 039 018 031 189
188 037 022 035 189
187 039 021 034 187
187 039 023 032 193
187 038 024 037 188
186 033 024 037 188
186 040 026 039 187
186 040 028 040 188
186 039 029 040 188
187 040 030 041 188
187 040 031 041 189
187 040 032 042 188
187 041 033 041 188
187 041 033 040 189
187 042 034 040 189
186 042 034 039 189
185 044 033 038 189
185 044 033 037 189
185 045 033 036 190
185 046 032 035 191
185 047 032 034 192
185 048 032 033 193
185 050 031 032 194
184 051 031 032 195
183 052 031 032 196
183 053 031 032 197
183 055 030 032 199
182 056 030 032 200
182 056 031 031 200
180 056 031 028 204
179 057 030 031 202
179 057 030 031 202
178 058 029 031 202
177 056 029 031 203
176 057 028 033 208
175 056 028 030 204
172 056 027 030 205
171 054 026 029 205
168 054 026 029 205
166 053 025 028 205
163 052 025 027 205
161 051 023 027 205
159 049 022 027 207
157 049 022 027 208
145 047 023 027 209
143 046 022 027 213
129 045 022 026 209
125 043 019 027 215
123 043 019 024 219
111 037 021 017 232
112 035 020 017 232
112 033 017 016 233
112 025 006 008 246
108 024 012 008 246
107 021 006 246
98 020 012 250
87 018 011 011 253
80 016 255
79 014 006 253
80 011 002 007 248
81 013 003 007 247
81 015 002 008 247
80 015 000 248
79 015 011 249
77 017 012 250
76 018 254
75 018 254
75 019 254
75 022 255
76 021 000 252
75 021 253
75 024 255
75 027 255
73 028 253
68 027 255
68 027 255
68 026 253
69 026 253
69 025 253
70 025 253
70 025 253
70 026 253
70 026 253
70 026 253
70 026 253
70 026 253
70 026 253
70 026 253
70 026 253
70 026 253
70 026 253
70 026 253
70 026 253
70 026 253
70 026 253
70 026 253
70 026 253
70 026 254
70 026 254
70 026 254
70 026 254
70 026 254
70 026 254
70 026 254
70 026 254
70 026 254
70 026 254
70 026 254
70 026 254
70 026 254
70 026 254
70 026 254
70 026 254
70 026 254
70 026 254
70 026 254
70 026 254
70 026 254
70 026 254
70 026 254
70 02