55 058 238
55 058 238
55 058 238
55 058 238
55 058 238
55 058 238
55 058 238
55 058 238
55 058 238
55 058 238
55 058 238
55 058 238
55 058 238
55 058 238
55 058 238
55 058 238
55 058 238
55 058 238
55 058 238
55 058 238
55 058 238
55 058 238
55 058 238
55 058 238
55 058 238
55 058 238
53 017 002 247
51 014 000 242
49 015 003 000 241
66 016 237
67 013 253
51 012 245
50 016 249
49 017 242
50 018 245
43 018 246
44 018 244
53 018 002 243
54 018 000 243
56 029 249
43 007 047 244
43 007 047 244
43 007 047 244
43 007 047 244
43 007 047 244
43 007 047 244
43 007 047 244
43 007 047 244
