82 026 004 251
78 027 006 251
77 026 007 249
78 024 006 251
78 027 250
77 025 007 248
76 025 007 246
75 025 006 000 227
88 025 004 001 227
83 025 002 238
81 025 003 237
81 025 002 234
81 031 001 238
78 028 001 255
77 027 000 253
77 024 000 255
78 031 002 255
81 029 003 254
82 017 252
87 017 252
85 022 000 252
92 035 251
91 036 248
89 023 001 246
91 041 000 242
94 042 000 244
95 044 244
98 045 244
99 048 239
102 050 239
106 042 050 254
108 053 046 245
113 051 000 237
114 050 000 236
127 051 230
125 050 231
128 050 230
131 049 229
133 049 227
135 048 226
139 047 227
141 046 226
146 046 226
148 047 226
150 048 000 226
151 049 002 226
156 050 002 226
161 049 004 226
165 051 004 226
169 053 003 000 226
171 054 003 000 225
174 057 003 003 226
176 060 005 003 224
177 062 007 003 217
177 065 009 007 213
178 067 013 011 208
178 070 017 015 203
178 072 021 019 197
179 073 027 024 194
179 074 030 028 190
179 074 034 032 188
179 074 036 035 187
179 072 038 036 186
179 071 039 035 185
178 070 039 035 184
178 068 039 035 184
178 067 039 036 183
177 067 040 037 183
177 066 040 037 181
176 065 040 037 181
177 065 039 038 180
177 064 039 041 186
177 064 040 038 180
177 064 040 038 180
178 065 040 035 173
178 063 040 038 179
178 066 040 038 177
178 065 040 038 178
178 067 040 038 179
178 067 040 038 178
178 069 040 038 178
178 070 041 039 180
179 069 042 039 180
178 069 042 040 180
179 070 041 040 179
179 071 042 040 180
179 071 042 040 180
179 070 043 041 182
179 070 043 040 182
179 070 043 041 181
179 071 044 041 182
179 070 044 040 181
179 071 044 041 181
179 070 044 040 180
179 069 044 040 180
180 070 044 041 181
180 069 044 042 180
181 069 044 042 180
182 068 043 043 181
182 071 044 042 179
183 068 043 043 178
183 069 043 043 178
183 069 043 043 178
183 068 043 043 178
184 070 042 043 178
184 068 042 043 178
184 069 043 043 180
185 069 042 044 180
185 071 043 043 179
185 071 043 043 178
184 070 043 043 178
184 073 043 043 178
184 073 044 043 181
184 072 043 043 180
184 074 043 043 181
184 073 043 044 181
184 071 043 044 182
184 071 043 044 181
184 071 043 044 183
184 071 043 044 184
184 071 043 044 182
184 071 043 044 181
185 071 044 043 181
185 071 043 043 181
185 071 044 043 181
185 073 043 043 181
185 071 043 043 181
185 070 044 043 182
185 071 043 043 181
185 071 043 044 183
185 070 043 043 181
185 070 043 044 183
185 070 043 044 183
185 070 043 043 180
185 070 043 043 180
185 071 043 043 181
185 072 042 044 180
185 073 042 044 181
185 071 043 044 182
185 072 042 044 181
185 071 043 044 180
185 071 043 044 180
185 071 042 044 180
185 071 042 044 180
185 072 042 044 180
185 071 043 044 180
185 073 043 044 180
185 072 043 044 180
185 073 042 044 180
185 072 043 044 180
185 072 043 044 180
185 072 043 044 180
185 072 043 043 180
185 074 043 044 180
185 072 043 043 180
185 073 043 044 180
185 074 044 044 179
185 075 044 045 179
184 075 045 045 179
184 075 046 046 179
185 076 047 047 179
185 074 049 048 179
185 074 050 050 181
185 073 051 052 181
185 072 053 053 182
185 068 049 055 184
185 069 055 057 185
185 068 056 059 187
185 065 058 060 191
185 063 059 062 194
185 060 061 062 198
185 057 061 063 202
184 054 062 063 205
184 051 063 063 208
184 049 063 063 211
184 047 063 062 213
184 046 063 062 215
184 044 063 062 217
184 043 062 062 218
184 042 062 061 219
184 042 062 061 219
184 041 062 060 219
184 041 062 060 220
184 041 061 060 220
184 040 060 060 221
184 040 060 059 221
184 041 060 058 221
184 040 060 058 221
184 040 059 058 222
184 040 058 057 222
184 041 058 057 221
184 041 057 056 221
184 041 057 056 221
184 041 058 056 220
185 041 058 056 220
185 041 058 055 220
185 040 058 055 220
185 040 058 056 220
185 040 058 057 220
185 040 059 056 220
184 040 059 056 220
185 040 059 056 219
185 040 059 056 219
185 040 060 057 219
185 040 060 057 219
185 040 060 057 219
185 040 059 057 219
185 040 058 057 219
185 040 058 057 219
185 040 058 057 219
185 040 059 057 219
186 040 059 057 219
185 040 059 057 220
185 040 059 057 219
185 040 059 058 220
185 040 058 058 220
185 040 059 058 220
185 040 059 057 219
186 040 060 057 220
186 040 060 057 220
185 040 060 057 220
185 040 060 057 220
185 040 060 057 220
186 040 060 057 220
186 040 060 057 220
186 040 060 056 220
186 040 060 057 220
186 040 059 056 220
186 040 060 056 220
186 040 060 056 220
186 040 060 055 220
186 040 060 055 220
186 040 060 054 220
186 040 060 053 219
186 041 060 052 219
186 041 059 051 219
186 041 058 050 219
186 042 058 048 219
186 042 058 046 220
186 043 057 043 220
186 043 057 040 220
186 043 057 036 220
187 044 056 031 221
187 045 058 026 220
187 045 059 022 219
187 045 059 017 218
186 046 058 015 217
186 046 058 013 215
186 046 058 012 213
186 047 059 011 212
187 047 059 012 210
187 047 057 012 209
187 047 056 013 208
187 046 052 016 208
187 046 047 019 207
187 047 042 025 206
187 047 038 032 205
186 047 034 040 204
186 048 030 047 203
186 048 026 053 203
186 048 023 059 203
186 048 021 062 203
186 048 019 064 204
186 049 017 064 205
186 049 016 065 206
185 049 016 065 207
185 050 015 065 208
185 051 015 066 208
185 052 015 066 209
185 053 015 067 209
185 054 015 066 210
185 055 016 066 211
185 056 017 066 211
185 056 017 066 212
185 057 017 066 213
185 057 017 066 213
185 057 017 066 213
185 057 017 066 214
185 057 018 066 214
185 057 018 065 214
185 057 018 065 214
185 055 020 065 215
185 055 018 064 215
185 054 021 064 215
185 054 021 064 215
185 054 022 065 215
185 055 021 065 215
185 055 021 065 215
185 056 022 066 214
