193 070 041 020 182
194 067 042 020 182
193 066 042 020 182
193 065 042 020 182
193 064 042 020 182
192 064 043 020 182
192 064 043 020 182
192 064 043 020 181
192 065 044 020 181
191 063 044 019 181
193 063 044 019 181
194 062 045 019 181
194 062 045 019 180
194 061 045 019 180
192 058 034 019 180
189 054 027 019 180
186 049 020 019 180
183 043 017 019 181
183 035 015 020 181
184 022 013 020 181
178 016 011 018 175
174 011 009 008 182
171 008 007 001 187
170 005 006 192
169 003 005 196
169 001 005 200
169 000 004 203
169 014 222
171 030 232
171 044 007 238
