125 028 212
125 028 210
127 027 208
126 026 207
131 025 205
132 024 204
134 022 202
138 021 201
140 019 199
141 018 198
143 016 198
146 015 195
150 014 194
152 015 192
154 016 000 193
155 018 001 189
157 016 005 186
157 018 005 183
159 026 007 000 180
164 029 009 004 180
167 032 012 006 174
170 036 015 011 173
171 040 019 016 172
174 045 023 021 171
175 049 027 026 172
177 052 031 030 170
179 055 035 033 170
180 056 038 037 168
180 057 041 039 167
181 058 043 040 168
183 060 043 043 167
184 062 045 044 168
185 064 046 046 168
185 065 047 047 168
186 064 048 048 168
187 063 047 049 167
187 064 047 050 167
186 064 047 050 168
186 063 046 051 168
186 064 046 051 167
186 064 045 051 167
186 063 045 051 167
285 0160 020 000 107
187 063 045 050 166
286 0158 018 111
187 063 044 050 166
298 0149 000 004 116
186 063 044 050 166
302 0146 006 113
187 063 043 050 166
317 0140 007 109
187 062 043 050 166
319 0137 008 108
187 062 043 050 166
318 0135 009 107
188 063 043 048 166
300 0143 008 115
187 063 044 048 166
297 0145 017 113
188 062 044 047 166
294 0145 006 118
188 070 045 047 166
290 0144 004 118
188 063 044 047 167
289 0142 002 000 116
189 064 045 046 169
280 0126 006 108
189 065 045 046 168
280 0127 007 107
188 066 045 046 169
281 0138 002 072 114
188 065 046 045 171
279 0140 000 085 113
188 064 045 045 171
267 0137 000 082 109
188 065 046 045 172
259 0144 000 081 118
189 065 046 045 171
252 0142 001 027 126
189 062 046 045 170
252 0141 003 016 117
189 065 046 046 170
254 0140 004 019 118
189 064 046 046 170
253 0138 004 026 120
188 064 045 048 167
255 0138 004 025 118
188 064 046 047 171
253 0138 003 025 117
188 065 045 047 171
253 0140 024 115
188 064 045 048 170
253 0137 004 025 116
188 064 045 048 172
257 0136 000 017 112
188 063 044 048 169
258 0135 000 018 112
188 063 044 048 170
256 0136 018 113
188 063 043 048 169
253 0137 019 112
188 063 043 048 169
254 0136 022 109
187 063 043 048 169
255 0136 018 110
186 062 043 048 161
257 0135 014 110
186 063 042 048 169
265 0140 017 114
187 062 042 048 169
265 0141 005 111
189 062 042 048 169
268 0143 002 113
189 062 042 049 170
250 0143 005 114
189 062 042 049 170
271 0143 007 114
189 063 042 048 170
264 0147 008 119
189 062 042 049 170
258 0147 008 118
189 063 043 049 170
252 0139 012 111
189 063 043 049 171
253 0138 002 015 110
189 063 044 048 171
260 0138 005 016 111
189 064 044 048 171
259 0139 007 017 111
189 064 044 048 172
259 0139 007 017 111
189 065 044 048 172
259 0139 007 017 111
189 067 043 048 173
259 0139 007 017 111
190 066 043 049 173
259 0139 007 017 111
190 067 042 049 173
259 0139 007 017 111
190 068 043 049 173
259 0139 007 017 111
190 068 043 049 172
259 0139 007 017 111
190 067 043 049 173
259 0139 007 017 111
190 068 043 049 173
259 0139 007 017 111
190 067 043 048 173
259 0139 007 017 111
189 068 043 048 173
259 0139 007 017 111
189 070 044 047 173
259 0139 007 017 111
188 068 044 046 173
259 0139 007 017 111
188 068 044 046 173
259 0139 007 017 111
189 069 044 046 175
259 0139 007 017 111
188 069 044 046 173
259 0139 007 017 111
188 069 044 045 175
259 0139 007 017 111
188 069 044 045 173
259 0139 007 017 111
189 069 045 044 173
259 0139 007 017 111
189 069 045 044 173
259 0139 007 017 111
189 069 045 044 173
259 0139 007 017 111
189 069 045 044 173
259 0139 007 017 111
189 070 045 044 173
259 0139 007 017 111
188 070 045 044 175
259 0139 007 017 111
188 070 045 044 174
259 0139 007 017 111
188 070 045 044 173
259 0139 007 017 111
189 069 045 044 175
259 0139 007 017 111
189 069 045 044 175
259 0139 007 017 111
189 070 045 044 173
259 0139 007 017 111
189 069 045 044 173
259 0139 007 017 111
189 070 044 045 172
259 0139 007 017 111
189 070 044 045 173
259 0139 007 017 111
188 070 045 045 173
259 0139 007 017 111
189 070 044 045 173
259 0139 007 017 111
189 070 044 045 173
259 0139 007 017 111
189 068 044 045 173
259 0139 007 017 111
189 069 044 046 173
259 0139 007 017 111
189 070 044 046 173
259 0139 007 017 111
189 070 044 046 173
259 0139 007 017 111
189 069 044 046 173
259 0139 007 017 111
189 069 043 046 173
259 0139 007 017 111
189 070 044 046 173
259 0139 007 017 111
189 070 044 047 173
259 0139 007 017 111
189 070 045 048 173
259 0139 007 017 111
189 070 045 047 173
259 0139 007 017 111
188 070 046 047 173
259 0139 007 017 111
188 070 046 048 174
259 0139 007 017 111
188 071 047 048 174
259 0139 007 017 111
188 071 047 049 175
259 0139 007 017 111
188 067 045 050 175
259 0139 007 017 111
188 072 048 051 175
259 0139 007 017 111
189 072 048 051 175
259 0139 007 017 111
190 073 048 051 175
259 0139 007 017 111
190 073 048 051 176
259 0139 007 017 111
190 073 048 050 175
259 0139 007 017 111
190 073 047 050 177
259 0139 007 017 111
190 073 047 050 177
259 0139 007 017 111
190 074 046 050 177
259 0139 007 017 111
190 074 046 050 178
259 0139 007 017 111
191 074 046 050 177
259 0139 007 017 111
191 072 046 050 177
259 0139 007 017 111
191 073 045 051 178
259 0139 007 017 111
192 073 045 051 177
259 0139 007 017 111
192 073 045 051 177
259 0139 007 017 111
192 073 045 051 178
259 0139 007 017 111
192 071 045 051 177
259 0139 007 017 111
192 072 045 051 177
259 0139 007 017 111
191 072 044 051 176
259 0139 007 017 111
191 072 044 051 176
259 0139 007 017 111
191 072 044 051 175
259 0139 007 017 111
190 071 044 050 175
259 0139 007 017 111
191 071 044 050 176
259 0139 007 017 111
191 069 044 051 175
259 0139 007 017 111
191 071 043 051 175
259 0139 007 017 111
191 071 043 051 175
259 0139 007 017 111
191 071 043 051 175
259 0139 007 017 111
191 069 043 051 176
259 0139 007 017 111
191 071 043 051 175
259 0139 007 017 111
191 072 043 052 175
259 0139 007 017 111
192 072 042 052 175
259 0139 007 017 111
192 072 043 051 178
259 0139 007 017 111
191 072 043 051 178
259 0139 007 017 111
191 072 043 050 177
259 0139 007 017 111
191 073 043 051 178
259 0139 007 017 111
192 073 044 051 180
259 0139 007 017 111
192 075 043 051 180
259 0139 007 017 111
192 076 043 052 180
259 0139 007 017 111
192 077 043 051 180
259 0139 007 017 111
192 078 043 051 181
259 0139 007 017 111
192 078 043 050 181
259 0139 007 017 111
192 078 043 051 183
259 0139 007 017 111
192 078 043 051 182
259 0139 007 017 111
192 079 043 051 183
259 0139 007 017 111
192 080 043 051 182
259 0139 007 017 111
192 080 042 051 183
259 0139 007 017 111
193 080 042 051 184
259 0139 007 017 111
192 081 042 051 183
259 0139 007 017 111
192 081 043 050 183
259 0139 007 017 111
192 080 043 051 183
259 0139 007 017 111
193 080 043 051 183
259 0139 007 017 111
192 080 043 051 183
259 0139 007 017 111
193 079 043 051 185
259 0139 007 017 111
193 080 042 052 183
259 0139 007 017 111
193 079 042 051 182
259 0139 007 017 111
193 079 042 051 183
259 0139 007 017 111
193 078 042 051 183
259 0139 007 017 111
194 078 042 050 184
259 0139 007 017 111
194 077 043 050 184
259 0139 007 017 111
194 077 043 050 183
259 0139 007 017 111
194 077 042 050 184
259 0139 007 017 111
195 077 042 051 183
259 0139 007 017 111
196 078 043 050 184
259 0139 007 017 111
196 078 043 051 184
259 0139 007 017 111
196 077 043 051 183
259 0139 007 017 111
196 080 042 051 183
259 0139 007 017 111
196 079 043 051 185
259 0139 007 017 111
196 081 042 051 185
259 0139 007 017 111
198 079 043 050 185
259 0139 007 017 111
198 082 044 050 185
259 0139 007 017 111
198 081 043 050 185
259 0139 007 017 111
198 081 043 050 186
259 0139 007 017 111
198 082 042 051 186
259 0139 007 017 111
198 081 043 050 187
259 0139 007 017 111
198 080 043 050 186
259 0139 007 017 111
199 080 043 050 186
259 0139 007 017 111
198 081 042 050 187
259 0139 007 017 111
199 078 041 051 186
259 0139 007 017 111
199 081 041 052 185
259 0139 007 017 111
197 080 040 053 184
259 0139 007 017 111
197 081 039 053 183
259 0139 007 017 111
197 079 040 053 183
259 0139 007 017 111
196 078 040 052 185
259 0139 007 017 111
197 078 040 052 183
259 0139 007 017 111
196 078 040 052 182
259 0139 007 017 111
196 077 040 051 182
259 0139 007 017 111
195 077 040 052 181
259 0139 007 017 111
195 077 039 052 181
259 0139 007 017 111
196 077 040 052 181
259 0139 007 017 111
196 077 040 052 181
259 0139 007 017 111
196 076 040 051 180
259 0139 007 017 111
196 077 041 050 181
259 0139 007 017 111
196 076 041 050 181
259 0139 007 017 111
196 076 042 049 182
259 0139 007 017 111
196 077 042 048 182
259 0139 007 017 111
196 078 042 048 182
259 0139 007 017 111
196 075 043 048 182
259 0139 007 017 111
196 076 042 047 181
259 0139 007 017 111
196 077 042 046 184
259 0139 007 017 111
196 078 042 046 183
259 0139 007 017 111
196 077 042 047 182
259 0139 007 017 111
196 078 042 046 182
259 0139 007 017 111
196 077 042 046 182
259 0139 007 017 111
196 077 042 046 181
259 0139 007 017 111
196 077 042 046 181
259 0139 007 017 111
196 076 043 046 181
259 0139 007 017 111
196 077 043 046 181
259 0139 007 017 111
196 077 042 047 181
259 0139 007 017 111
196 077 042 046 181
259 0139 007 017 111
196 075 042 047 180
259 0139 007 017 111
196 077 042 047 181
259 0139 007 017 111
195 077 042 047 181
259 0139 007 017 111
196 074 042 047 181
259 0139 007 017 111
195 076 042 047 180
259 0139 007 017 111
196 074 042 048 181
259 0139 007 017 111
196 075 041 048 180
259 0139 007 017 111
195 073 042 048 180
259 0139 007 017 111
196 076 042 048 180
259 0139 007 017 111
196 076 042 048 182
259 0139 007 017 111
195 074 042 048 180
259 0139 007 017 111
196 076 042 048 180
259 0139 007 017 111
196 076 042 048 182
259 0139 007 017 111
196 076 042 048 181
259 0139 007 017 111
196 076 042 048 181
259 0139 007 017 111
195 076 041 048 181
259 0139 007 017 111
195 075 042 048 182
259 0139 007 017 111
195 076 042 048 180
259 0139 007 017 111
195 075 042 048 181
259 0139 007 017 111
195 075 043 047 182
259 0139 007 017 111
195 076 043 048 180
259 0139 007 017 111
195 074 043 048 182
259 0139 007 017 111
195 075 043 048 182
259 0139 007 017 111
195 076 043 048 181
259 0139 007 017 111
195 073 043 049 181
259 0139 007 017 111
195 073 043 049 181
259 0139 007 017 111
195 075 042 050 180
259 0139 007 017 111
195 076 042 049 181
259 0139 007 017 111
195 077 041 050 182
259 0139 007 017 111
195 077 042 050 182
259 0139 007 017 111
195 077 041 050 183
259 0139 007 017 111
195 076 041 050 185
259 0139 007 017 111
195 076 041 050 185
259 0139 007 017 111
195 076 041 050 186
259 0139 007 017 111
195 076 041 050 187
259 0139 007 017 111
195 076 041 051 186
259 0139 007 017 111
196 076 041 051 188
259 0139 007 017 111
196 076 041 052 189
259 0139 007 017 111
196 076 041 052 191
259 0139 007 017 111
195 075 041 053 192
259 0139 007 017 111
196 075 041 054 194
259 0139 007 017 111
196 076 041 055 196
259 0139 007 017 111
196 076 041 056 198
259 0139 007 017 111
196 076 041 058 201
259 0139 007 017 111
196 076 041 059 203
259 0139 007 017 111
196 075 041 061 205
259 0139 007 017 111
196 075 041 062 207
259 0139 007 017 111
196 076 041 063 209
259 0139 007 017 111
196 076 041 064 210
259 0139 007 017 111
195 075 041 065 212
259 0139 007 017 111
195 075 041 066 213
259 0139 007 017 111
195 076 041 067 214
259 0139 007 017 111
195 076 041 068 215
259 0139 007 017 111
195 076 041 069 217
259 0139 007 017 111
195 075 041 070 217
259 0139 007 017 111
195 076 041 070 218
259 0139 007 017 111
195 075 041 070 219
259 0139 007 017 111
195 076 041 071 220
259 0139 007 017 111
196 076 041 071 220
259 0139 007 017 111
196 075 041 071 220
259 0139 007 017 111
198 078 039 060 212
259 0139 007 017 111
198 080 038 050 210
259 0139 007 017 111
198 081 038 040 211
259 0139 007 017 111
198 083 037 032 211
270 0142 106
197 083 037 025 212
263 0145 108
197 083 037 019 214
288 0148 109
197 083 037 013 215
280 0143 108
197 083 037 009 217
280 0143 108
197 083 037 005 219
280 0142 108
197 083 037 002 220
282 0143 108
197 083 037 000 222
282 0143 108
197 083 037 223
281 0143 108
197 083 037 225
282 0142 108
197 083 037 226
282 0141 107
197 083 037 227
283 0141 106
197 083 037 229
285 0141 109
197 083 037 230
286 0141 107
197 083 037 230
287 0141 107
197 083 037 231
287 0140 107
197 083 037 232
286 0140 107
197 083 037 233
286 0140 107
197 083 037 234
286 0140 107
197 084 037 234
284 0140 107
197 084 037 235
285 0140 107
197 084 037 235
285 0140 107
196 083 037 236
285 0140 107
196 084 037 236
286 0140 107
197 083 037 236
285 0140 108
197 084 037 237
285 0140 108
197 084 037 237
285 0140 109
196 083 037 237
284 0140 108
197 083 037 237
284 0140 108
196 083 037 238
284 0142 106
196 083 036 238
284 0142 107
196 084 036 238
283 0142 107
196 082 036 238
284 0142 108
196 083 036 238
283 0145 108
196 083 035 237
283 0142 109
196 083 035 238
281 0142 109
196 083 035 238
282 0142 109
196 083 034 238
282 0141 108
196 083 033 238
283 0146 107
196 083 032 238
282 0145 110
196 082 031 238
282 0147 108
196 082 029 238
282 0147 109
196 081 030 009 225
282 0146 109
196 081 032 008 215
282 0142 109
196 081 034 007 206
281 0140 110
196 081 036 009 199
277 0139 109
197 082 039 012 193
276 0138 107
197 082 041 016 189
276 0142 108
196 082 042 033 179
273 0145 109
197 081 043 037 178
277 0146 108
197 081 043 040 177
277 0144 105
197 082 043 042 177
277 0146 107
197 082 041 042 177
277 0146 106
199 081 039 042 177
278 0145 106
199 081 036 040 177
277 0144 107
203 080 032 037 178
276 0144 104
204 077 027 032 179
277 0144 104
201 074 020 027 182
278 0143 104
199 069 013 020 186
278 0143 103
204 062 006 012 191
279 0143 103
200 053 000 004 198
278 0143 104
198 042 208
278 0143 106
197 031 219
280 0143 106
204 024 226
281 0141 105
205 021 230
283 0144 104
201 020 232
288 0145 109
199 018 233
280 0145 106
197 023 231
282 0146 104
196 028 229
282 0145 104
195 033 226
285 0146 104
193 038 001 223
287 0146 105
191 043 007 220
289 0146 107
190 046 013 218
289 0146 107
189 047 018 216
289 0145 107
189 047 023 215
291 0145 106
188 047 026 214
290 0145 104
187 046 028 215
290 0146 107
187 045 028 217
288 0146 105
186 045 027 219
289 0147 104
185 044 025 222
289 0148 104
183 044 021 225
289 0148 104
192 043 016 228
286 0147 105
188 040 231
285 0147 104
176 037 004 234
285 0147 104
166 032 236
285 0147 103
160 027 237
285 0147 103
156 021 237
288 0147 106
152 017 238
288 0147 105
149 014 237
289 0147 104
146 012 237
288 0147 104
144 014 237
285 0143 104
143 015 236
285 0144 105
143 017 234
284 0144 106
143 019 232
284 0146 107
142 023 229
283 0146 107
141 027 226
283 0146 106
142 031 223
281 0146 104
142 036 221
279 0143 105
143 041 000 219
280 0143 104
142 044 004 218
281 0146 105
143 046 009 217
284 0147 104
143 048 013 217
288 0147 104
141 050 018 216
290 0147 106
139 050 021 216
291 0147 105
135 050 024 216
291 0147 105
132 050 025 216
290 0145 105
128 049 026 216
290 0145 105
122 048 025 216
289 0144 105
116 047 024 217
290 0146 105
110 045 021 218
290 0146 104
103 043 018 220
290 0146 105
98 041 014 222
289 0146 105
92 037 009 225
290 0146 105
93 035 001 227
289 0143 107
94 031 229
289 0143 104
94 025 231
289 0143 108
95 022 233
286 0143 107
95 017 235
284 0143 105
94 015 237
285 0144 105
93 015 239
285 0144 108
92 015 241
286 0145 105
92 016 242
285 0146 106
91 017 241
285 0146 106
91 018 240
284 0147 106
90 019 241
284 0147 106
89 020 244
284 0145 106
87 021 245
284 0147 106
86 023 247
284 0146 106
84 025 249
284 0144 108
87 027 251
282 0143 108
85 016 250
279 0141 103
84 011 250
279 0140 103
82 009 252
278 0139 103
81 011 252
280 0140 105
81 012 252
280 0140 105
80 012 249
280 0140 105
80 011 248
280 0140 105
79 247
280 0140 105
79 247
280 0140 105
79 009 247
280 0140 105
79 008 247
280 0140 105
79 008 247
280 0140 105
79 007 247
280 0140 105
79 007 248
280 0140 105
79 006 248
280 0140 105
79 006 248
280 0140 105
79 006 249
280 0140 105
79 005 249
280 0140 105
79 005 249
280 0140 105
79 005 249
280 0140 105
79 005 250
280 0140 105
79 005 250
280 0140 105
79 004 250
280 0140 105
79 004 250
280 0140 105
79 004 250
280 0140 105
79 004 250
280 0140 105
79 004 251
280 0140 105
79 004 251
280 0140 105
79 004 251
280 0140 105
79 004 251
280 0140 105
79 004 251
280 0140 105
79 004 251
280 0140 105
79 004 251
280 0140 105
79 004 251
280 0140 105
79 004 251
280 0140 105
79 003 251
280 0140 105
79 003 251
280 0140 105
79 003 251
280 0140 105
79 003 251
280 0140 105
79 003 251
280 0140 105
79 003 251
280 0140 105
79 003 251
280 0140 105
79 003 251
280 0140 105
79 003 251
280 0140 105
79 003 251
280 0140 105
79 003 251
280 0140 105
79 003 251
280 0140 105
79 003 251
280 0140 105
79 003 251
280 0140 105
79 003 251
280 0140 105
79 003 251
280 0140 105
79 003 251
2