186 067 053 044 177
187 067 053 045 178
187 067 054 046 179
188 067 054 048 180
188 067 055 050 182
188 066 056 053 184
189 064 057 056 188
189 062 059 059 191
189 058 060 060 197
190 053 060 060 203
190 049 060 059 209
190 044 059 056 216
190 039 057 052 223
190 032 051 050 230
191 027 044 043 237
191 022 034 031 236
191 020 025 023 245
191 021 020 018 242
192 027 016 013 236
192 040 016 012 228
192 053 017 015 216
192 063 025 022 204
192 071 034 031 192
192 076 039 039 185
192 078 043 043 183
192 077 046 047 181
192 077 049 048 180
191 077 050 049 180
191 075 051 050 181
191 074 052 050 181
191 075 053 050 180
191 074 052 051 181
191 073 052 051 181
191 073 052 051 180
191 073 052 051 180
191 072 053 052 180
191 072 053 052 180
190 073 054 052 179
190 075 055 052 179
191 073 054 053 180
191 070 054 052 180
191 073 055 051 181
190 076 055 052 181
191 075 055 052 180
191 074 056 052 179
191 075 055 052 179
191 073 055 051 180
191 075 055 051 180
191 075 055 051 179
191 075 054 050 180
192 075 053 050 180
192 074 053 050 180
192 074 052 050 181
192 071 051 050 179
192 075 052 049 179
192 075 052 049 179
192 068 051 049 179
192 073 052 048 179
192 074 052 049 179
192 073 052 048 178
192 073 052 048 179
192 075 052 048 178
192 075 052 048 179
192 074 052 048 179
193 075 052 047 179
193 074 052 047 179
193 075 051 048 180
193 076 051 048 180
193 076 050 048 180
193 077 050 048 180
193 076 051 048 180
193 075 050 048 181
193 078 050 049 181
193 079 049 048 181
193 078 049 048 184
193 079 049 048 181
193 077 049 047 181
193 079 050 047 182
193 078 050 047 181
193 077 050 047 180
193 077 050 048 181
192 076 051 047 183
192 075 051 046 183
193 074 051 047 183
193 074 051 045 185
193 073 051 046 182
193 072 051 046 181
193 072 051 046 181
193 071 052 046 182
193 068 049 046 181
192 069 051 046 181
192 068 052 047 182
192 068 052 046 181
192 068 051 046 184
192 067 051 046 181
192 066 051 046 181
192 066 051 045 180
192 064 051 046 180
192 064 051 046 181
192 063 051 045 181
193 062 050 045 181
193 061 050 045 181
192 060 051 044 182
192 059 050 044 183
192 058 051 045 183
192 057 050 046 183
192 056 050 045 183
192 055 050 045 182
193 054 050 045 183
193 053 050 045 182
193 053 050 045 182
193 052 051 045 182
193 051 051 045 182
193 050 050 044 182
193 049 050 044 181
193 049 050 044 181
193 047 050 044 184
192 047 050 044 182
192 046 050 044 182
192 045 050 044 181
192 044 050 044 181
192 044 050 046 176
192 043 050 044 183
192 042 050 044 182
192 041 050 044 182
192 041 050 044 182
192 040 050 044 182
192 040 049 044 182
192 039 050 044 181
191 038 050 045 181
191 037 050 044 180
191 037 050 044 180
191 036 050 045 181
191 036 051 044 182
190 035 051 045 181
191 035 052 044 181
191 034 053 044 182
191 034 053 044 181
190 033 053 044 182
190 034 055 043 182
190 033 054 044 182
190 026 054 043 182
190 027 054 043 182
190 028 054 043 182
190 029 055 043 182
190 030 055 043 183
190 029 054 043 182
190 027 053 043 184
190 026 053 042 183
190 025 052 042 183
190 023 052 042 183
190 021 051 042 184
189 020 051 042 183
189 019 051 042 183
190 024 058 042 183
190 023 058 042 183
190 022 058 042 183
190 021 059 042 183
190 020 058 042 184
190 019 057 041 184
190 019 057 041 183
191 017 050 041 186
190 014 050 042 187
190 008 047 042 186
191 006 047 042 184
190 013 050 041 184
190 013 049 042 184
190 004 046 041 184
190 002 048 039 184
190 001 048 039 184
190 001 049 038 183
190 000 049 037 185
190 000 049 036 193
191 000 048 038 186
191 000 048 038 187
191 000 046 040 186
191 000 046 039 186
191 000 047 040 184
191 000 046 039 184
191 000 046 039 185
191 000 045 039 184
191 001 046 039 185
191 001 048 038 183
191 001 046 038 184
191 004 047 038 183
191 003 045 039 182
190 005 045 040 184
190 006 045 039 183
190 044 040 183
191 015 044 040 183
191 017 044 040 182
191 021 044 040 183
191 023 043 041 183
191 026 043 042 183
191 029 043 042 182
191 032 043 041 181
191 036 043 041 182
191 039 043 042 181
191 042 043 041 183
191 044 044 041 182
191 048 044 042 183
191 049 044 042 183
191 052 046 041 183
191 054 046 041 182
192 055 046 041 182
192 058 046 041 183
192 059 046 042 183
192 061 046 042 183
192 064 047 042 186
192 065 047 042 183
192 066 047 042 182
192 069 047 043 174
192 069 048 042 181
192 070 048 042 189
192 070 049 042 182
192 073 050 042 182
192 073 049 043 181
192 075 050 043 181
192 074 050 044 181
192 073 050 044 181
192 073 050 045 181
192 074 050 047 182
193 073 050 048 182
193 075 050 050 184
193 074 050 051 184
193 076 050 054 186
193 073 050 056 187
192 076 050 058 188
192 075 050 061 190
192 075 051 063 193
192 075 051 065 195
192 075 051 067 198
192 075 051 068 199
192 075 051 069 201
192 074 052 069 203
192 073 052 070 205
192 073 052 070 207
193 074 052 070 209
193 074 052 071 211
193 072 053 071 213
193 072 053 071 214
193 073 053 072 216
193 073 052 072 217
193 074 053 072 217
193 074 053 072 218
193 075 053 071 218
193 075 053 072 218
193 074 053 072 218
193 074 052 072 218
193 073 053 072 218
192 072 052 072 218
192 073 053 071 218
192 073 053 071 218
192 074 053 072 218
192 074 053 071 218
192 074 053 071 218
192 075 053 069 217
192 074 053 069 217
192 073 053 069 216
192 075 053 068 216
192 074 053 067 215
192 072 053 066 214
193 073 053 065 213
192 073 053 062 212
192 074 053 060 212
192 075 053 056 211
193 074 053 053 210
193 074 053 054 209
193 075 053 046 208
193 075 052 042 207
193 075 052 038 207
193 075 052 034 206
193 075 052 032 206
193 073 052 029 206
