154 075 030 035 191
154 075 029 035 190
154 075 029 036 191
154 075 028 035 190
154 075 028 035 189
155 075 029 034 190
156 074 029 033 190
155 075 029 033 190
155 075 029 033 190
156 074 030 032 191
156 075 030 032 192
156 074 030 032 191
156 075 030 031 192
155 075 031 031 191
156 074 031 031 192
156 075 032 030 192
156 075 032 030 192
156 076 032 029 193
156 074 033 029 192
156 075 033 029 193
156 076 033 029 192
157 075 033 029 192
157 075 033 029 192
157 074 034 029 192
157 075 033 029 192
157 075 033 030 192
157 075 033 030 191
156 075 032 030 191
156 075 032 031 190
156 075 031 031 190
156 075 030 032 190
157 074 028 032 191
157 073 027 032 191
157 072 026 032 191
157 071 024 031 190
157 070 023 030 190
157 069 021 028 190
158 068 019 026 190
158 067 018 023 190
158 065 016 020 191
158 062 014 018 192
158 060 011 016 194
158 058 009 014 195
159 056 007 012 198
159 054 006 009 200
159 052 004 007 203
159 050 003 005 206
159 047 001 003 209
159 045 000 001 212
159 043 000 000 215
159 040 219
159 038 223
160 035 227
160 033 230
160 030 234
160 028 000 237
159 026 000 000 239
160 025 001 000 242
160 023 001 001 244
160 022 001 002 246
160 022 000 002 248
160 021 001 002 249
160 021 000 002 249
160 021 000 001 249
160 022 000 000 249
160 023 000 000 248
160 024 246
160 026 244
160 029 241
159 032 239
159 034 236
159 038 232
159 042 228
159 045 224
159 049 000 000 220
159 053 003 002 216
159 056 006 005 212
159 059 008 009 208
159 062 011 012 206
159 064 015 016 203
159 063 016 021 202
159 065 022 024 202
159 065 025 028 203
159 065 027 032 203
159 064 029 035 204
159 062 030 036 206
159 060 031 037 207
160 062 030 038 210
160 056 031 038 213
160 054 032 037 216
158 051 031 036 221
158 051 030 033 224
155 044 029 032 228
153 041 028 030 232
152 038 026 027 236
151 034 024 025 239
149 032 021 020 243
145 028 015 017 246
144 026 012 012 248
143 024 009 008 250
142 022 005 004 252
141 022 001 000 253
142 020 253
144 020 254
144 019 254
141 019 254
142 019 254
141 019 254
140 020 253
141 021 253
143 022 253
145 024 000 000 252
145 026 005 004 251
146 027 009 009 250
148 029 013 014 248
150 031 018 018 247
152 033 022 023 246
153 036 025 027 243
155 038 030 034 240
156 040 035 037 238
157 046 040 039 234
157 046 043 040 231
157 049 047 041 229
157 051 049 043 224
157 055 050 043 220
158 057 050 045 216
158 059 049 047 211
158 062 048 047 206
158 064 045 045 202
158 065 041 042 198
158 066 036 037 195
158 066 032 031 192
158 064 026 025 191
159 061 021 020 192
159 057 015 015 192
161 053 008 193
161 049 006 004 197
162 045 003 000 201
162 043 005 207
163 037 000 212
164 033 000 217
164 030 000 223
164 028 000 229
166 027 000 234
167 026 000 238
169 025 001 243
170 023 002 251
172 023 003 255
173 024 004 000 252
175 024 005 003 247
176 026 004 007 242
177 020 006 011 240
179 022 011 012 237
181 022 008 014 235
181 027 017 015 233
181 027 018 016 233
180 026 018 017 234
180 025 018 017 235
180 025 017 016 235
180 023 016 016 237
181 022 014 014 238
181 020 011 011 240
182 025 009 008 240
181 024 008 006 242
181 036 003 004 246
181 034 004 003 249
181 034 003 001 253
181 032 003 255
180 030 003 252
180 028 002 249
180 027 002 247
180 024 003 245
179 022 004 243
179 021 006 241
179 019 008 239
177 017 009 238
177 016 011 238
173 015 012 237
172 014 011 236
170 013 236
169 012 009 236
167 012 007 236
166 013 003 236
164 015 002 236
161 016 001 235
159 017 000 232
155 019 000 230
153 022 001 227
153 027 003 223
153 031 006 218
152 036 009 001 214
150 040 012 006 209
151 045 015 011 205
152 050 019 015 200
153 054 024 019 196
154 059 029 023 193
153 061 034 026 190
153 063 039 029 188
154 065 041 031 190
154 066 043 032 190
155 066 044 034 190
154 066 044 035 190
154 065 044 037 190
155 065 044 038 191
155 064 044 037 188
155 065 043 037 189
155 065 043 037 191
156 065 043 036 191
156 066 042 035 192
156 067 041 035 192
156 067 041 035 193
157 068 041 035 194
157 069 041 035 193
157 070 043 037 193
157 071 045 039 194
157 073 047 041 193
157 073 048 042 193
158 074 048 044 193
158 075 049 045 195
158 075 049 047 194
158 074 051 048 194
158 075 051 048 195
158 075 052 048 195
158 076 052 049 194
159 077 052 049 193
159 078 052 049 192
159 078 051 049 192
158 079 051 048 192
158 079 052 047 192
158 080 051 047 191
159 079 051 047 191
159 081 051 047 192
159 081 050 046 191
159 081 050 045 192
159 082 049 044 192
159 081 048 043 192
159 081 048 042 192
159 079 049 041 191
159 081 047 040 191
159 081 047 039 191
159 081 048 038 191
159 080 047 038 191
159 080 047 038 191
159 080 048 038 191
159 079 047 038 191
159 079 047 038 191
159 080 047 038 191
159 079 047 038 192
160 079 047 038 191
162 079 047 038 191
161 078 047 037 191
161 077 047 036 189
162 077 048 035 188
162 076 048 035 187
162 075 049 033 186
162 074 049 033 185
162 072 049 032 183
162 071 049 032 181
163 070 049 033 180
163 068 049 032 180
163 066 050 032 178
163 065 050 033 178
163 064 050 033 177
164 064 050 034 177
165 063 050 034 177
166 063 050 035 176
167 064 049 036 177
168 064 049 036 176
169 064 048 037 176
170 064 047 037 177
172 065 047 037 177
173 066 047 037 178
174 067 045 038 178
175 068 044 039 180
176 069 044 039 180
177 070 042 040 181
177 071 041 040 182
178 071 041 040 184
179 074 040 041 185
179 076 040 041 186
181 076 041 040 187
181 077 041 040 188
181 078 042 039 189
181 078 041 039 189
182 079 041 039 190
182 079 042 039 190
182 079 042 039 190
182 079 043 039 191
182 079 043 039 191
182 079 043 039 191
182 079 043 038 191
182 079 043 038 191
182 079 043 038 191
182 079 043 038 190
182 078 043 038 190
182 077 043 038 190
182 076 042 038 189
182 077 042 039 189
183 077 041 039 188
182 076 041 040 188
183 076 042 041 187
183 075 042 042 187
182 076 044 044 187
182 076 045 044 187
182 076 047 047 188
182 076 049 049 188
182 076 052 051 191
182 075 053 052 193
182 074 055 053 196
182 071 054 054 198
182 068 053 053 201
183 066 052 051 205
182 062 050 049 209
182 057 047 046 215
183 055 047 044 221
182 045 043 041 226
182 039 042 040 232
182 033 040 038 236
182 027 040 036 241
182 024 039 035 244
182 022 037 036 245
182 021 038 037 245
182 023 039 040 243
182 026 044 044 241
181 028 049 048 238
181 030 049 053 235
181 035 057 057 232
181 039 061 049 237
181 041 063 062 222
181 043 064 063 220
181 045 065 064 218
180 046 066 064 216
180 048 068 065 215
180 049 068 066 213
181 050 069 067 212
181 050 069 067 211
181 051 070 068 212
181 051 070 067 212
180 050 070 067 212
180 050 070 067 212
180 050 070 066 212
180 050 071 066 213
180 049 071 066 214
180 049 070 065 214
180 049 070 065 215
180 048 069 063 216
180 048 067 062 217
180 048 066 060 218
180 046 064 059 220
180 046 062 056 222
180 046 058 057 220
180 046 051 055 221
181 045 045 033 223
181 044 037 027 222
180 044 030 022 221
181 044 024 018 221
181 044 020 015 220
182 044 017 013 219
185 044 015 011 218
186 046 013 216
187 048 013 009 212
188 052 013 208
188 055 015 012 202
188 060 018 015 197
187 064 022 020 192
187 068 027 025 189
187 070 033 031 186
187 072 038 036 185
187 073 043 041 185
186 072 047 045 186
187 070 050 047 188
187 067 052 049 191
187 064 053 050 195
187 059 053 050 201
187 055 052 050 206
186 052 053 051 210
186 052 055 053 212
187 053 057 055 211
187 056 059 056 208
187 059 060 058 204
188 062 061 059 199
188 065 060 058 195
187 068 057 056 191
188 070 054 051 188
188 071 049 045 186
188 071 043 038 187
188 069 034 030 190
188 065 026 021 194
188 060 018 014 200
188 055 012 008 207
187 050 009 005 214
187 044 008 005 222
187 038 009 006 229
186 033 013 234
186 030 018 016 238
186 028 027 023 240
185 028 034 031 239
185 030 041 039 238
184 034 045 043 233
183 039 049 047 227
183 044 051 049 220
182 050 053 050 214
180 055 054 052 207
179 059 053 051 201
177 063 049 048 195
175 064 045 043 191
172 065 039 036 188
169 063 032 029 188
167 061 025 021 190
165 056 017 014 194
163 051 007 199
158 045 005 002 206
155 039 001 212
154 033 000 219
153 027 225
152 022 000 232
151 018 002 238
150 014 005 002 244
147 011 009 006 248
145 012 009 251
141 015 013 252
137 009 017 015 252
134 009 019 016 252
132 009 020 017 251
128 009 020 017 253
126 019 016 253
124 011 017 013 253
121 012 015 252
120 014 