174 063 034 041 173
174 063 034 042 173
175 063 033 042 172
175 062 033 041 172
175 063 033 041 173
175 063 033 039 173
175 063 033 039 174
175 064 033 038 174
175 064 034 037 174
175 065 034 037 175
175 067 034 036 176
175 068 034 035 177
176 068 036 034 178
176 068 036 033 179
176 068 037 032 180
175 070 037 032 182
175 071 038 032 182
175 072 038 033 184
175 073 039 033 183
175 073 039 034 183
175 073 040 034 183
176 074 040 034 183
176 069 038 034 183
176 069 039 035 183
175 070 039 035 184
175 074 042 035 183
175 073 042 035 183
175 074 043 035 183
175 074 042 036 182
175 074 042 036 182
175 073 040 037 181
174 073 039 039 181
174 072 038 039 184
174 071 035 041 179
174 070 033 043 179
174 069 032 044 179
174 067 030 045 178
174 066 027 045 178
174 064 025 046 179
174 062 023 046 178
174 060 021 046 180
173 058 019 045 178
173 057 017 044 178
172 056 016 043 177
172 054 015 042 177
172 055 015 041 177
172 056 015 040 177
171 057 016 039 178
171 059 017 037 179
172 061 018 036 180
172 063 018 035 181
173 065 020 033 182
173 068 022 031 185
174 069 023 030 187
172 070 024 028 189
172 072 024 028 190
173 071 025 027 192
173 073 026 027 193
173 074 027 026 193
173 074 028 026 194
173 074 029 027 194
173 075 030 027 194
173 074 031 028 194
173 076 032 029 194
173 075 033 030 193
173 076 035 031 192
173 075 036 032 191
172 075 037 034 190
172 074 039 035 189
172 074 040 037 189
172 074 042 039 189
172 073 044 041 189
172 073 046 044 189
172 072 048 046 189
172 071 050 047 190
172 070 052 050 191
172 068 053 052 192
172 067 054 054 193
172 066 055 055 193
172 065 056 057 195
172 063 056 057 197
172 062 057 057 199
172 060 057 057 200
172 060 057 056 202
172 059 057 056 204
172 058 058 056 205
172 058 059 056 205
172 057 059 056 207
172 057 059 056 208
172 055 058 055 211
172 052 057 052 214
172 048 054 047 218
172 045 050 046 220
172 036 040 036 228
171 031 032 025 236
170 023 023 020 240
169 017 018 013 244
169 013 013 246
170 011 012 009 247
170 011 011 009 248
171 012 012 011 247
171 014 014 013 246
172 018 017 016 244
172 023 020 020 241
172 027 024 023 239
173 033 030 032 231
173 038 035 037 228
173 043 039 036 227
173 048 044 055 214
173 052 048 050 213
173 056 051 052 208
173 059 053 054 204
173 062 053 054 201
173 065 053 054 197
173 067 053 053 195
173 069 051 051 193
173 070 050 048 192
173 071 047 046 191
173 072 044 042 191
173 073 040 038 191
173 073 036 032 192
174 072 030 027 195
174 070 024 022 198
174 068 020 017 201
174 066 015 012 206
174 064 011 007 211
174 060 006 003 217
173 057 003 000 223
174 054 000 229
174 050 235
174 047 241
175 043 246
176 040 250
175 037 248
175 035 250
175 033 248
176 031 245
176 030 243
176 030 242
177 029 242
176 029 243
176 030 245
176 032 247
176 031 249
177 035 252
177 036 255
176 040 248
175 044 244
175 047 239
175 051 234
175 055 228
175 054 001 001 221
175 064 006 006 214
174 068 012 012 208
174 072 019 019 202
174 075 025 028 198
173 076 032 036 195
173 076 039 043 194
172 076 044 048 193
173 074 048 053 193
172 074 050 056 193
172 074 051 057 193
172 073 052 058 194
172 072 052 057 194
172 072 053 057 194
172 072 052 056 193
170 072 052 055 193
171 072 051 054 192
171 072 051 052 192
171 071 050 051 192
171 072 050 050 191
171 073 050 050 192
171 072 050 049 191
171 071 050 050 193
171 072 050 050 193
171 071 050 049 193
171 070 050 049 194
171 069 049 048 196
171 068 048 047 197
171 066 047 046 198
170 067 046 044 199
170 066 045 043 199
170 065 044 042 200
171 065 043 041 201
170 064 042 040 202
171 063 041 039 202
170 062 041 037 203
170 061 039 036 204
170 060 038 035 206
170 058 037 034 208
170 057 036 033 210
170 054 034 032 212
170 052 033 030 215
170 050 033 028 217
170 047 032 027 220
171 045 030 026 221
171 042 029 024 224
171 040 029 023 227
171 038 027 021 229
171 035 026 023 231
171 032 025 018 235
171 031 023 015 238
171 028 021 013 240
171 026 019 012 243
171 024 017 009 244
171 021 014 007 246
171 021 012 006 247
