191 076 055 045 184
191 077 056 045 184
191 077 056 046 184
190 076 056 046 184
190 076 057 045 183
190 076 057 045 182
190 076 058 048 188
190 075 058 045 182
190 076 058 045 183
190 075 058 045 189
190 075 058 045 182
189 074 058 046 180
189 074 057 047 180
190 074 057 047 179
190 074 057 048 179
189 074 057 048 182
190 074 056 049 178
190 074 056 050 179
189 073 055 049 179
189 073 056 048 178
189 073 056 048 178
189 072 056 047 178
188 071 056 046 178
188 071 056 046 178
188 071 055 046 178
188 071 056 044 176
187 071 056 043 176
187 070 056 042 175
187 069 057 036 168
186 070 057 039 175
185 068 057 037 175
185 067 058 034 176
184 066 059 032 177
183 067 059 032 179
183 066 058 031 181
183 066 057 030 182
180 065 056 030 184
180 063 054 030 188
179 060 051 030 192
179 057 049 027 190
179 053 046 028 199
178 047 044 026 203
175 043 041 025 209
173 038 038 023 215
171 034 033 022 221
171 028 027 019 227
170 024 026 017 232
170 019 022 014 237
169 015 020 012 242
168 011 018 245
167 008 015 009 248
166 007 014 249
165 007 013 011 249
164 008 014 011 248
163 015 246
162 014 017 243
161 017 019 011 240
159 020 020 012 237
159 023 021 011 235
158 026 022 015 231
158 029 021 017 229
158 033 024 017 225
157 036 024 019 222
156 039 024 020 219
156 043 025 022 216
157 046 026 024 213
157 048 026 026 211
157 050 027 027 208
157 052 027 029 206
156 052 029 029 204
156 053 029 029 203
156 053 030 029 203
156 053 031 029 202
156 053 031 029 201
156 053 032 029 201
157 053 032 030 200
157 053 033 030 199
157 054 034 031 197
158 054 036 030 196
158 054 038 030 194
160 054 039 030 193
160 055 041 030 192
160 055 042 030 190
161 055 043 031 189
161 055 043 031 187
162 054 044 032 186
163 054 045 031 185
164 054 045 032 184
164 054 047 032 183
165 054 047 032 183
166 054 048 032 183
167 054 049 032 182
168 054 049 032 182
169 054 050 032 182
170 055 050 032 183
171 055 050 033 183
172 056 049 034 183
173 057 050 034 183
174 058 050 035 183
175 059 051 035 183
176 060 051 037 183
176 060 052 038 182
177 061 053 038 182
177 062 053 039 181
178 063 054 040 181
178 064 054 041 181
179 065 054 042 181
179 066 053 042 182
179 067 053 043 180
179 067 053 043 180
179 067 053 043 181
179 068 052 044 181
179 068 052 043 181
179 068 052 043 181
179 068 052 043 182
179 067 053 042 181
179 067 053 042 181
180 068 054 042 181
179 067 053 042 181
179 067 054 042 182
179 068 054 041 181
179 067 054 041 181
179 067 054 041 181
180 067 055 041 181
180 067 055 042 181
180 067 055 042 181
180 067 056 042 181
180 067 056 042 182
180 067 055 043 182
180 067 055 043 182
179 067 055 045 182
180 067 055 044 182
180 067 055 045 181
180 067 056 045 181
179 067 056 045 182
180 067 056 045 181
179 065 057 043 179
178 057 053 037 173
