185 017 251
185 019 253
185 022 253
185 027 248
184 032 242
183 037 236
182 043 229
181 049 000 000 223
180 055 005 003 216
180 061 009 008 211
180 065 012 014 206
180 068 015 019 203
176 070 019 023 202
178 070 022 027 201
178 071 024 030 201
178 071 027 032 201
177 072 028 034 201
168 073 029 036 201
171 074 030 037 201
173 075 030 037 201
176 076 030 038 200
175 077 031 038 199
178 077 032 038 197
179 077 033 039 198
178 077 033 039 197
179 077 034 039 197
180 077 034 039 196
179 077 035 040 196
179 077 035 040 196
179 077 036 040 196
179 076 036 040 195
180 076 037 040 195
180 075 037 041 195
180 075 037 041 194
180 075 038 041 194
180 075 038 041 194
180 075 038 041 193
179 075 038 042 193
179 074 039 042 193
181 074 039 042 192
181 074 039 043 192
182 074 039 044 192
181 074 041 045 192
181 073 042 046 191
180 073 043 047 191
180 072 044 048 192
181 072 046 050 193
182 071 047 051 195
182 070 048 052 197
183 069 049 053 199
182 067 050 053 202
182 066 051 053 204
182 063 051 053 206
182 061 050 053 210
181 059 049 058 208
180 056 048 055 213
180 053 046 046 221
181 051 044 043 224
182 047 040 041 228
182 043 036 037 231
182 040 030 032 234
182 036 025 027 237
181 033 020 023 239
181 032 016 018 239
181 030 012 013 238
181 030 009 237
182 030 007 006 235
181 031 006 004 233
183 033 005 003 229
183 036 005 003 226
184 039 006 003 222
184 041 006 005 221
184 045 008 007 218
185 048 009 210
183 045 011 012 207
182 053 014 015 203
182 056 016 019 200
182 058 019 022 198
182 060 023 026 197
181 061 026 030 196
181 062 028 034 196
181 063 031 038 196
181 063 033 041 197
181 063 035 044 199
182 062 038 047 201
182 060 040 049 204
182 058 042 050 207
182 056 044 052 209
182 054 046 053 212
182 052 048 053 216
182 049 050 052 218
183 046 051 052 222
182 042 051 052 225
182 039 050 051 228
183 036 048 050 231
183 033 047 048 234
183 031 045 045 236
183 028 044 042 238
182 026 041 037 240
182 024 039 033 242
182 022 035 029 244
182 020 031 025 245
182 019 026 021 245
185 019 021 016 245
185 020 016 012 244
183 023 009 241
181 025 007 005 237
181 029 005 003 233
181 033 004 002 229
182 037 005 001 225
182 040 006 002 221
182 043 008 003 217
183 046 004 214
183 048 012 006 212
183 050 015 210
183 052 017 011 208
181 054 021 014 206
182 055 024 017 206
182 055 026 020 206
183 056 029 023 207
184 055 030 025 207
185 054 031 027 208
185 053 031 029 209
185 052 029 030 210
184 051 028 031 211
183 050 026 032 212
183 050 022 034 213
183 049 019 036 213
183 048 016 038 214
183 047 013 040 215
183 046 043 216
183 045 006 046 218
183 043 005 048 221
183 042 004 050 223
183 040 003 052 226
180 039 003 052 229
181 038 002 051 231
182 037 002 051 233
183 037 002 048 235
183 036 002 043 238
183 036 002 037 241
184 036 002 030 244
185 036 002 023 244
185 036 001 016 244
185 037 002 008 242
185 037 002 001 239
185 037 004 236
185 038 004 231
185 038 004 227
185 038 004 224
185 039 003 000 222
185 038 004 000 221
185 038 003 001 220
185 038 002 001 219
185 037 002 000 219
185 037 002 000 220
185 036 001 000 221
185 036 001 000 222
185 036 001 000 224
185 035 001 000 227
184 035 001 001 228
184 036 002 004 230
185 036 002 005 228
185 036 002 017 231
185 036 003 025 231
185 036 003 034 232
185 035 007 043 231
185 037 003 049 232
185 036 003 053 232
185 036 004 056 232
185 036 004 057 233
185 036 004 058 233
185 035 004 058 234
185 035 003 056 235
185 034 003 053 236
185 034 002 048 237
185 034 002 041 238
185 034 001 023 239
185 033 001 013 238
185 033 002 002 236
185 034 001 233
186 034 000 230
186 034 001 228
186 035 001 227
