168 069 043 044 186
167 069 043 043 186
167 068 044 042 185
167 068 045 042 185
168 068 045 041 185
170 068 045 040 185
169 069 046 040 186
168 069 046 039 186
165 069 046 038 186
165 069 046 039 186
165 068 047 038 186
165 068 047 038 186
165 069 047 038 186
164 069 047 039 186
164 069 047 038 186
165 069 047 038 186
165 069 047 038 186
165 069 047 038 186
165 069 047 038 186
165 069 046 038 186
165 069 047 038 186
165 069 047 037 186
165 069 047 037 186
165 069 047 037 187
165 069 047 037 187
169 069 046 037 187
169 069 046 037 187
169 070 045 036 187
168 070 044 035 188
168 070 042 034 188
168 070 040 031 188
168 069 037 028 190
168 068 033 025 191
168 067 029 021 193
169 064 024 018 197
168 061 018 014 201
168 057 018 206
169 051 011 005 212
169 045 008 003 218
168 039 006 001 224
168 033 005 001 230
168 028 006 003 235
167 023 009 008 239
168 020 013 013 244
168 016 018 018 248
168 014 024 024 250
167 012 029 030 249
168 013 035 037 249
168 014 040 044 248
168 017 046 050 246
169 020 051 052 242
169 025 053 054 237
169 030 055 055 231
169 034 056 056 224
169 040 058 055 219
169 045 060 056 216
169 051 061 054 221
169 055 061 067 206
169 059 061 060 201
169 062 060 060 196
169 066 056 058 191
169 068 051 053 188
170 069 045 047 187
169 069 039 039 186
170 067 031 033 187
171 064 024 025 190
171 060 019 019 194
171 056 013 012 199
171 050 008 007 205
170 045 004 003 212
170 038 002 000 219
170 032 001 225
170 026 001 000 231
170 022 002 001 235
170 018 005 005 240
170 014 008 244
170 011 012 015 246
171 009 015 020 247
170 007 020 022 247
170 006 023 025 247
170 005 025 026 248
170 005 026 028 248
171 005 026 027 247
171 005 025 027 248
171 005 024 026 248
171 006 023 022 248
174 006 019 020 248
173 008 017 016 247
177 008 013 247
177 011 008 006 245
178 015 003 001 241
179 019 001 237
184 024 000 234
186 030 224
186 036 000 000 216
187 044 003 004 209
187 051 007 011 201
189 058 013 017 195
189 064 019 025 191
191 068 026 034 188
191 071 034 043 188
193 071 042 050 189
194 070 048 056 192
194 068 054 061 195
194 066 059 066 199
193 062 062 067 203
193 059 066 067 208
193 055 066 066 213
195 051 065 065 218
195 047 064 063 223
194 042 062 061 228
195 039 058 058 232
195 035 054 054 236
195 032 049 050 238
195 029 043 045 240
194 027 038 039 243
195 025 032 033 244
195 021 026 027 245
195 020 021 022 245
195 018 015 018 244
195 017 014 244
194 017 006 011 243
195 017 004 009 241
194 017 002 006 239
194 019 002 005 237
194 021 002 003 234
195 023 001 002 232
196 026 001 000 230
196 030 001 000 228
196 035 003 000 226
195 040 005 000 223
193 045 009 000 220
192 050 011 001 217
194 054 014 002 214
193 057 017 002 212
193 059 019 003 212
194 059 021 004 211
192 059 023 004 211
193 058 023 005 211
193 058 022 005 210
193 057 021 005 210
193 055 020 006 210
193 054 018 006 210
193 053 018 007 209
193 052 018 007 209
193 051 018 007 209
194 051 017 007 209
194 050 017 008 207
192 050 017 007 208
191 050 017 006 209
190 050 017 005 210
190 050 016 003 212
189 049 016 002 214
189 049 015 000 217
189 049 014 000 220
189 050 014 223
189 051 013 227
190 051 013 230
193 053 011 234
193 054 238
193 056 009 242
195 057 006 247
194 058 005 252
196 059 002 255
196 060 251
196 061 246
196 061 242
197 061 237
198 061 233
201 060 229
196 059 226
193 057 221
193 056 218
193 055 217
192 054 215
193 052 214
193 048 210
194 047 212
193 046 215
192 046 217
191 046 217
191 046 216
190 043 212
214 039 213
217 037 215
217 038 218
214 042 220
212 042 224
195 044 229
197 055 234
198 056 238
199 056 243
200 056 249
200 049 253
185 053 253
184 051 248
174 048 243
178 044 240
191 039 236
189 034 232
184 030 229
188 024 226
179 018 225
183 013 220
187 006 218
188 000 218
188 216
187 211
185 207
183 204
183 205
183 200
183 197
182 195
176 196
172 192
171 193
169 190
169 192
169 191
171 193
172 194
172 195
173 196
173 197
173 002 197
173 007 005 205
171 014 012 196
172 020 017 196
172 018 022 195
171 032 013 203
170 036 011 211
170 035 018 203
170 037 018 210
170 041 003 188
171 043 002 188
171 044 000 187
171 046 002 186
173 048 000 184
174 048 000 185
173 047 000 185
172 052 004 185
171 054 002 186
171 054 002 187
171 052 000 189
173 052 000 191
174 051 000 192
174 054 000 194
173 053 001 197
172 052 002 199
173 051 002 203
174 048 001 205
174 052 002 208
175 048 002 209
175 049 002 211
174 050 002 214
175 006 052 052 247
177 003 047 051 250
179 052 052 253
180 013 054 049 255
181 015 054 047 253
183 015 051 044 252
184 020 052 046 248
185 022 051 046 245
187 024 050 044 244
185 023 049 043 242
183 017 049 042 239
176 028 049 041 236
177 034 049 042 231
180 037 048 041 229
180 037 045 041 226
178 042 043 040 224
179 047 040 034 228
179 051 037 031 227
181 053 033 032 218
181 056 030 028 217
183 059 025 025 215
183 060 019 022 213
186 060 014 018 206
187 059 014 206
188 055 007 207
188 058 003 007 205
189 060 001 003 207
193 061 000 000 208
194 061 000 209
194 062 209
190 062 215
189 061 218
186 060 223
186 058 228
185 055 233
184 051 236
189 048 240
189 044 244
192 040 249
192 036 254
192 029 252
