171 059 004 007 217
170 059 004 007 216
169 061 005 001 210
169 061 005 002 208
169 060 007 004 207
168 061 007 004 207
166 059 006 207
165 058 011 009 208
162 054 012 011 208
162 053 012 015 212
159 050 015 018 215
157 046 019 018 217
157 043 020 020 221
155 038 022 022 224
153 034 022 024 228
152 030 023 023 233
150 025 024 020 239
149 022 023 018 243
148 018 022 016 247
147 015 020 014 251
147 013 016 012 252
147 013 012 009 251
146 014 008 007 250
146 018 005 004 245
147 023 003 001 239
148 029 001 002 234
149 036 003 002 227
149 044 004 004 220
153 052 006 007 213
154 058 206
152 064 014 015 201
157 068 017 019 197
158 071 021 023 195
159 074 024 027 193
160 075 026 030 193
163 076 029 033 193
163 077 032 034 192
164 077 033 036 193
165 078 034 037 193
167 077 036 037 193
168 078 037 038 193
167 078 037 038 193
175 079 038 039 193
175 079 039 040 193
175 080 040 039 193
176 080 040 040 192
175 080 040 040 192
175 079 040 040 193
175 080 040 040 191
174 080 041 040 191
174 079 040 040 191
174 080 040 041 192
170 079 040 041 189
172 079 040 041 190
173 078 040 041 188
173 077 040 041 188
174 076 041 041 187
173 076 042 041 185
173 074 042 041 184
174 074 042 041 183
173 073 043 041 182
173 072 044 041 181
173 072 044 042 180
175 071 044 042 180
175 071 044 043 179
175 069 044 043 179
175 069 044 044 178
175 068 045 044 177
175 068 045 044 177
175 068 045 043 176
176 067 046 043 177
175 067 046 043 176
176 066 046 042 175
176 066 046 042 175
176 065 047 042 175
176 066 047 042 174
175 066 047 042 174
175 066 047 041 174
175 066 047 041 175
175 066 046 041 174
176 066 046 041 175
176 066 046 040 176
177 066 045 041 175
177 067 044 041 176
179 068 044 041 176
178 068 044 041 176
178 069 044 041 177
176 069 044 041 177
177 069 043 041 177
177 069 043 041 178
179 070 043 042 178
178 070 043 042 179
178 070 043 042 179
178 070 043 042 179
178 070 043 042 179
177 071 043 042 179
177 071 043 042 180
178 072 043 042 180
178 072 043 042 180
178 072 043 042 180
178 072 043 042 180
180 073 043 042 180
179 073 043 042 180
180 073 043 042 181
180 072 043 042 181
181 072 043 042 182
181 072 044 042 182
180 071 044 042 183
180 071 044 042 184
180 070 044 042 185
180 069 044 042 187
180 068 045 043 188
179 067 044 043 190
179 065 045 044 191
179 063 045 044 193
179 061 045 044 195
179 059 045 044 197
179 057 045 044 199
179 055 046 044 203
180 054 046 044 205
180 051 046 044 207
179 048 047 043 210
180 045 048 042 212
180 046 048 043 214
180 041 048 044 216
180 039 048 044 219
178 036 048 045 220
179 035 049 050 225
179 033 049 047 221
179 032 049 047 223
179 030 050 048 224
179 028 050 049 224
179 028 051 051 226
179 027 052 052 226
178 026 053 054 226
177 025 054 056 226
176 025 055 057 226
177 024 056 058 225
177 024 057 059 225
177 024 058 060 225
178 024 059 061 225
178 024 059 061 225
178 024 059 060 225
178 024 059 060 225
178 024 059 059 225
178 025 058 058 225
178 025 057 057 225
178 025 057 055 225
178 024 056 053 226
178 024 054 051 227
177 024 052 048 226
177 023 049 044 226
177 023 047 042 225
177 024 045 038 225
177 024 042 034 225
178 023 039 031 226
178 023 035 029 226
178 023 031 026 225
178 023 029 023 225
177 023 025 021 224
180 023 023 019 224
184 023 020 017 223
183 023 019 016 222
182 023 016 014 221
181 024 014 013 220
181 025 013 011 218
181 027 014 009 216
181 028 011 009 215
182 029 009 213
181 031 009 009 211
181 031 009 009 209
181 032 009 009 208
182 033 008 009 207
182 033 009 009 205
182 034 009 009 204
182 034 009 009 204
182 035 009 009 203
182 036 009 202
182 036 009 201
181 037 200
181 038 009 199
181 040 197
182 041 011 197
182 043 011 195
181 044 012 012 194
181 045 013 012 193
180 047 013 013 192
178 048 014 013 190
181 049 014 014 189
178 050 015 015 188
179 050 017 017 187
179 051 018 018 187
180 053 018 019 185
180 054 019 022 187
179 055 020 022 186
180 050 024 024 185
180 051 025 022 181
179 053 026 024 181
180 054 027 025 180
180 061 026 027 180
181 060 028 029 178
182 057 030 030 177
183 058 031 032 177
183 059 031 033 175
180 060 033 035 175
178 066 035 036 174
178 067 037 037 173
179 069 039 039 173
179 069 041 040 173
179 069 043 042 173
179 070 046 043 173
179 069 047 045 173
180 069 048 047 173
180 068 050 049 174
179 068 052 050 175
179 068 054 051 176
179 067 055 053 177
179 066 056 055 179
179 065 057 056 180
179 063 058 057 182
179 062 059 058 183
180 061 060 059 185
180 060 061 059 187
180 059 062 060 190
180 057 063 060 192
180 055 064 060 194
179 052 064 060 197
179 050 064 060 199
180 047 065 060 201
180 044 065 059 204
180 042 065 059 206
180 039 065 059 208
179 037 065 059 210
178 034 064 058 213
178 032 063 059 215
179 029 063 059 217
180 028 062 058 219
179 026 061 058 222
178 023 061 058 225
179 021 060 057 228
179 017 059 056 231
179 012 058 054 234
179 009 056 051 236
179 008 055 045 236
179 006 049 041 237
181 004 043 038 239
181 004 037 034 238
181 003 032 030 239
182 003 028 025 240
181 004 023 022 240
181 006 019 018 240
181 007 015 014 239
181 009 012 012 237
181 011 009 236
181 013 008 007 234
180 015 005 003 230
179 017 004 002 227
179 020 003 000 223
179 023 003 000 220
181 025 004 001 216
181 028 004 000 213
180 030 004 000 209
179 032 004 001 206
179 033 005 001 202
179 035 006 003 199
179 036 007 004 197
179 038 007 007 194
179 039 009 009 192
179 041 189
179 042 011 012 187
179 044 013 014 185
179 045 014 019 186
179 046 015 021 186
179 047 017 023 185
179 048 018 022 180
179 049 020 023 179
177 049 022 024 178
178 045 025 026 178
178 051 025 027 177
178 047 027 028 176
178 047 028 029 176
178 048 030 030 175
178 052 031 031 175
178 048 033 032 175
178 050 034 034 175
177 048 034 034 176
176 049 037 035 176
173 049 039 036 177
173 048 040 036 178
172 047 041 036 178
171 046 041 037 180
171 045 041 037 180
171 043 041 038 181
168 042 042 038 182
167 040 042 038 182
166 039 042 039 183
166 037 043 040 184
166 036 043 040 184
163 035 044 040 185
164 035 044 040 186
164 034 046 040 187
164 034 046 040 186
164 034 046 040 186
164 033 047 038 185
163 034 047 038 185
162 033 047 037 184
161 033 047 037 184
162 033 048 037 183
162 034 048 035 182
162 034 048 035 182
163 034 048 034 180
163 035 048 034 180
163 035 048 033 179
163 036 048 033 180
164 037 049 032 179
165 039 049 032 178
164 042 033 019 182
167 040 038 014 185
169 042 040 009 188
170 043 042 017 184
171 044 044 021 180
171 045 044 024 177
172 047 045 027 175
173 050 045 029 175
173 051 045 030 174
173 053 044 032 172
173 055 043 030 173
173 057 041 028 174
173 059 039 026 175
173 061 037 024 177
173 062 035 021 178
173 064 032 019 180
174 065 028 017 182
174 065 026 014 185
174 066 023 012 188
175 066 020 190
175 065 017 008 194
175 065 014 005 197
176 064 011 003 201
177 063 009 000 205
177 061 006 210
178 059 004 214
178 057 002 219
179 056 000 225
179 053 000 230
180 051 236
180 049 242
180 047 248
181 045 254
181 043 251
181 041 246
181 039 000 245
182 036 248
182 034 250
182 033 251
181 032 252
181 032 253
181 032 253
181 032 253
181 033 253
181 035 253
181 035 253
181 039 253
181 042 252
181 043 252
180 045 253
180 046 255
180 047 254
180 048 252
180 049 251
180 049 251
180 050 248
180 051 245
179 052 243
179 053 240
179 055 237
179 056 234
178 057 231
178 058 000 228
177 059 001 000 225
177 060 002 000 222
176 061 004 001 219
175 061 006 002 216
175 062 008 003 213
174 062 004 210
173 062 012 006 207
173 062 014 009 204
172 062 017 011 202
171 062 019 014 199
171 062 021 016 197
170 062 024 019 196
170 061 027 022 194
169 060 029 025 194
169 059 032 028 193
168 058 034 031 193
168 057 036 034 194
167 055 038 036 195
167 053 040 039 197
167 051 042 040 198
166 049 043 042 200
166 048 044 043 202
166 046 045 044 204
166 044 046 044 206
166 042 046 044 208
166 040 046 043 210
166 038 046 043 213
166 036 046 042 215
166 034 046 041 217
166 033 045 042 219
167 031 044 041 222
167 029 043 040 224
167 028 042 039 227
168 026 041 037 229
169 024 039 036 232
169 023 037 034 234
170 021 035 032 236
171 019 033 029 238
172 018 031 027 240
172 017 028 025 242
173 016 026 022 243
174 014 023 020 245
175 013 021 017 246
176 012 018 015 247
177 016 012 248
178 013 249
178 008 008 250
179 008 007 005 251
180 007 004 002 251
181 